[gd_scene format=3 uid="uid://c4e26ayvivfoj"]

[ext_resource type="Script" uid="uid://d2yp2dq4bxkpx" path="res://entities/characters/base_character/base_character.gd" id="1_k8f6t"]
[ext_resource type="PackedScene" uid="uid://c6l3lb26ba6ga" path="res://entities/characters/head_library/head_f_w_02_r.tscn" id="2_hcn84"]
[ext_resource type="PackedScene" uid="uid://bxwqnpy2nj26j" path="res://entities/equipment/tools/hatchet_basic.tscn" id="2_vi1d6"]
[ext_resource type="PackedScene" uid="uid://5sgbu3pblgcm" path="res://entities/characters/head_library/head_m_w_02_r.tscn" id="3_5l5lm"]
[ext_resource type="PackedScene" uid="uid://dqum5qhqw8lxe" path="res://entities/equipment/tools/hatchet_bronze.tscn" id="3_kj756"]
[ext_resource type="PackedScene" uid="uid://l6venkb710x" path="res://entities/characters/head_library/head_f_w_01_r.tscn" id="4_tmpau"]
[ext_resource type="PackedScene" uid="uid://bmv4fcadnp2nq" path="res://entities/equipment/tools/pickaxe_basic.tscn" id="4_vi1d6"]
[ext_resource type="PackedScene" uid="uid://gljwi8hkgwbb" path="res://entities/characters/head_library/head_m_w_01_r.tscn" id="5_lfxo5"]
[ext_resource type="PackedScene" uid="uid://2dpxjfyvusnf" path="res://entities/equipment/tools/pickaxe_bronze.tscn" id="5_mhell"]
[ext_resource type="PackedScene" uid="uid://lafnf4dbnsv3" path="res://entities/equipment/tools/fishing_pole.tscn" id="6_633uw"]
[ext_resource type="PackedScene" uid="uid://hff5eby587u3" path="res://entities/equipment/tools/hammer.tscn" id="7_hcn84"]
[ext_resource type="PackedScene" uid="uid://bowouj2mkapt8" path="res://entities/equipment/weapons/melee/dagger_bronze.tscn" id="8_5l5lm"]
[ext_resource type="PackedScene" uid="uid://b7pnqddunrelb" path="res://entities/equipment/off_hand/torch.tscn" id="10_lfxo5"]
[ext_resource type="Animation" uid="uid://shplmx2jg2pf" path="res://assets/animations/rig_medium/movement/Jump_Idle.res" id="11_ey55c"]
[ext_resource type="PackedScene" uid="uid://3sstdn37s5ct" path="res://entities/characters/base_character/tool_chisel.tscn" id="11_udusj"]
[ext_resource type="PackedScene" uid="uid://b01fur407hh45" path="res://entities/characters/base_character/tool_tacklebox.tscn" id="12_2wxdn"]
[ext_resource type="Animation" uid="uid://c1ppoxn7spxqu" path="res://assets/animations/rig_medium/movement/T-Pose.res" id="12_upkct"]
[ext_resource type="Animation" uid="uid://cflhjeqn0pbxu" path="res://assets/animations/rig_medium/movement/Walking_B.res" id="13_jxcl3"]
[ext_resource type="Animation" uid="uid://d3o4ksbp01vk4" path="res://assets/animations/rig_medium/movement/Running_A.res" id="13_run_a"]
[ext_resource type="PackedScene" uid="uid://coxw0yqujekvi" path="res://entities/equipment/weapons/melee/1h_sword_wooden.tscn" id="13_ugjvj"]
[ext_resource type="Animation" uid="uid://cxfyxr5v0c2sk" path="res://assets/animations/rig_medium/general/Idle_A.res" id="14_idle"]
[ext_resource type="PackedScene" uid="uid://btmlhr2obivim" path="res://entities/equipment/weapons/melee/1h_short_sword_bronze.tscn" id="14_nl10w"]
[ext_resource type="PackedScene" uid="uid://8engyodb38nq" path="res://entities/equipment/weapons/melee/1h_katana_bronze.tscn" id="15_vdbgy"]
[ext_resource type="PackedScene" uid="uid://4414nds6m8iu" path="res://entities/equipment/weapons/melee/1h_short_sword_iron.tscn" id="16_a2epi"]
[ext_resource type="PackedScene" uid="uid://b42ahtu8ie2s7" path="res://entities/equipment/weapons/melee/1h_short_sword_steel.tscn" id="17_8pp4d"]
[ext_resource type="Animation" uid="uid://cv4sp6esrkaa1" path="res://assets/animations/rig_medium/general/Interact.res" id="17_interact"]
[ext_resource type="PackedScene" uid="uid://c56sfpqw20xe1" path="res://entities/equipment/armor/helmet/full_helm_bronze.tscn" id="17_udusj"]
[ext_resource type="PackedScene" uid="uid://bo8nawt8t4qq6" path="res://entities/equipment/armor/platebody/platebody_bronze.tscn" id="18_2wxdn"]
[ext_resource type="PackedScene" uid="uid://cg3tiuphg131s" path="res://entities/equipment/weapons/melee/1h_short_sword_mithril.tscn" id="18_3o2lc"]
[ext_resource type="PackedScene" uid="uid://p5tle83t6idd" path="res://entities/equipment/armor/helmet/full_helm_iron.tscn" id="18_bccg2"]
[ext_resource type="Animation" uid="uid://m5s1tiavkv7n" path="res://assets/animations/rig_medium/general/PickUp.res" id="18_pickup"]
[ext_resource type="PackedScene" uid="uid://5qi7us70qhrs" path="res://entities/equipment/weapons/melee/1h_short_sword_adamant.tscn" id="19_bue0b"]
[ext_resource type="Animation" uid="uid://b6gl3sn4jmmhh" path="res://assets/animations/rig_medium/tools/Pickaxing.res" id="19_nwtlr"]
[ext_resource type="Animation" uid="uid://bp2kdimdsfno6" path="res://assets/animations/rig_medium/general/Use_Item.res" id="19_useitem"]
[ext_resource type="PackedScene" uid="uid://bepatnonf6an" path="res://entities/equipment/armor/helmet/full_helm_steel.tscn" id="19_usgag"]
[ext_resource type="PackedScene" uid="uid://cx1y5874ebt2y" path="res://entities/equipment/armor/helmet/full_helm_mithril.tscn" id="20_cvvpr"]
[ext_resource type="PackedScene" uid="uid://cxumy41nwnb0i" path="res://entities/equipment/weapons/melee/1h_short_sword_rune.tscn" id="20_rqdgg"]
[ext_resource type="PackedScene" uid="uid://boltk0acqlxfh" path="res://entities/equipment/weapons/melee/1h_short_sword_dragon.tscn" id="21_4dofb"]
[ext_resource type="PackedScene" uid="uid://btchg5kc1lmss" path="res://entities/equipment/armor/platelegs/platelegs_bronze.tscn" id="21_bccg2"]
[ext_resource type="PackedScene" uid="uid://cigw3nxrjicja" path="res://entities/equipment/armor/helmet/full_helm_adamant.tscn" id="21_e22wm"]
[ext_resource type="PackedScene" uid="uid://degnuahlotk3i" path="res://entities/equipment/armor/helmet/full_helm_rune.tscn" id="22_li1ky"]
[ext_resource type="PackedScene" uid="uid://d1megw7ip7oq4" path="res://entities/equipment/weapons/ranged/bow_short_common.tscn" id="22_soir5"]
[ext_resource type="PackedScene" uid="uid://dicwla6h7ol1b" path="res://entities/equipment/weapons/melee/spear_basic.tscn" id="23_g1qwb"]
[ext_resource type="PackedScene" uid="uid://dvwhcw7ccrnvo" path="res://entities/equipment/weapons/ranged/bow_long_common.tscn" id="23_iieiw"]
[ext_resource type="PackedScene" uid="uid://cu2djdchautbq" path="res://entities/equipment/armor/platebody/platebody_iron.tscn" id="23_v2k1w"]
[ext_resource type="PackedScene" uid="uid://bssyvhugk1nol" path="res://entities/equipment/armor/platelegs/platelegs_iron.tscn" id="24_7g0m2"]
[ext_resource type="PackedScene" uid="uid://dh1mm4w854dki" path="res://entities/equipment/weapons/magic/staff_basic.tscn" id="24_soir5"]
[ext_resource type="PackedScene" uid="uid://22n8qq7jyxqe" path="res://entities/equipment/tools/hunting_knife.tscn" id="25_d8xjw"]
[ext_resource type="PackedScene" uid="uid://cv8cvkb2tbo0r" path="res://entities/equipment/weapons/magic/staff_blue.tscn" id="25_g1qwb"]
[ext_resource type="PackedScene" uid="uid://dclf60opff5ea" path="res://entities/equipment/armor/helmet/full_helm_dragon.tscn" id="25_gst55"]
[ext_resource type="PackedScene" uid="uid://bwea000ggs05" path="res://entities/equipment/armor/platebody/platebody_steel.tscn" id="25_sa27j"]
[ext_resource type="PackedScene" uid="uid://on8aol023oc3" path="res://entities/equipment/armor/platelegs/platelegs_steel.tscn" id="26_4oo5m"]
[ext_resource type="PackedScene" uid="uid://c6bs2f2882hv2" path="res://entities/equipment/weapons/magic/staff_green.tscn" id="26_iieiw"]
[ext_resource type="PackedScene" uid="uid://qodb70dobiuj" path="res://entities/equipment/shields/shield_bronze.tscn" id="26_pxmg8"]
[ext_resource type="PackedScene" uid="uid://dsbfimgpy1kip" path="res://entities/equipment/weapons/melee/spear_bronze.tscn" id="27_csl7y"]
[ext_resource type="PackedScene" uid="uid://dae7h04cunsux" path="res://entities/equipment/armor/platebody/platebody_mithril.tscn" id="27_usgag"]
[ext_resource type="PackedScene" uid="uid://dtlkm3fke0tqi" path="res://entities/equipment/shields/shield_iron.tscn" id="27_wknlu"]
[ext_resource type="PackedScene" uid="uid://cdd8uih0uirnd" path="res://entities/equipment/shields/shield_square_bronze.tscn" id="28_0kkbh"]
[ext_resource type="PackedScene" uid="uid://chv8ej1bar5td" path="res://entities/equipment/weapons/magic/wand_beginner.tscn" id="28_ae42p"]
[ext_resource type="PackedScene" uid="uid://d0sirfc1un80u" path="res://entities/equipment/armor/platelegs/platelegs_mithril.tscn" id="28_cvvpr"]
[ext_resource type="PackedScene" uid="uid://cjx4oerhy5u7e" path="res://entities/equipment/shields/shield_square_iron.tscn" id="29_122q4"]
[ext_resource type="PackedScene" uid="uid://y5vy8efgqbdc" path="res://entities/equipment/weapons/magic/wand_apprentice.tscn" id="29_a876b"]
[ext_resource type="PackedScene" uid="uid://blyjwmrfcrwst" path="res://entities/equipment/shields/shield_wooden.tscn" id="30_soir5"]
[ext_resource type="PackedScene" uid="uid://cveyboqvkxl3p" path="res://entities/equipment/accessories/capes/cape_blue.tscn" id="32_rqdgg"]
[ext_resource type="PackedScene" uid="uid://kkc5waxqbl1c" path="res://entities/equipment/armor/platebody/platebody_adamant.tscn" id="34_ych0d"]
[ext_resource type="PackedScene" uid="uid://d2flgyhp4hs6u" path="res://entities/equipment/armor/platelegs/platelegs_adamant.tscn" id="35_bax4i"]
[ext_resource type="PackedScene" uid="uid://bacqqssuhcwru" path="res://entities/equipment/armor/platebody/platebody_rune.tscn" id="36_uyptw"]
[ext_resource type="PackedScene" uid="uid://ct5dewdt73d04" path="res://entities/equipment/armor/platelegs/platelegs_rune.tscn" id="37_vvnjq"]
[ext_resource type="PackedScene" uid="uid://btkf8oucr6opg" path="res://entities/equipment/armor/platebody/platebody_dragon.tscn" id="38_3xh3x"]
[ext_resource type="PackedScene" uid="uid://b5bbh3t3ymbex" path="res://entities/equipment/armor/platelegs/platelegs_dragon.tscn" id="39_c54of"]
[ext_resource type="PackedScene" uid="uid://8vlnrllju51e" path="res://entities/equipment/accessories/quivers/quiver_common.tscn" id="41_3ldw4"]
[ext_resource type="PackedScene" uid="uid://wdpos66nlb5l" path="res://entities/equipment/accessories/backpacks/backpack_engineer.tscn" id="41_g1qwb"]
[ext_resource type="PackedScene" uid="uid://b07l25mddi72a" path="res://entities/equipment/accessories/quivers/quiver_bronze.tscn" id="43_k1esd"]
[ext_resource type="PackedScene" uid="uid://bptdgv7tfrl07" path="res://entities/equipment/accessories/quivers/quiver_iron.tscn" id="44_f4yw7"]
[ext_resource type="PackedScene" uid="uid://ds7javssuhxjh" path="res://entities/equipment/clothing/shirts/shirt_green.tscn" id="52_g1qwb"]
[ext_resource type="PackedScene" uid="uid://bcul3po0f5uyt" path="res://entities/equipment/clothing/pants/pants_green.tscn" id="53_iieiw"]
[ext_resource type="PackedScene" uid="uid://dfs8h7xsrog7i" path="res://entities/equipment/clothing/shirts/shirt_yellow.tscn" id="54_csl7y"]
[ext_resource type="PackedScene" uid="uid://dup7xnluhutog" path="res://entities/equipment/clothing/pants/pants_yellow.tscn" id="55_ae42p"]
[ext_resource type="Animation" uid="uid://j2v8qt67ebbn" path="res://assets/animations/rig_medium/tools/Chop.res" id="71_41cp6"]
[ext_resource type="Animation" uid="uid://btib02hn62m65" path="res://assets/animations/rig_medium/combat/Melee_1H_Attack_Jump_Chop.res" id="74_pbyn3"]
[ext_resource type="Animation" uid="uid://dg6dac7ar3s8l" path="res://assets/animations/rig_medium/combat/Melee_1H_Attack_Slice_Diagonal.res" id="75_41cp6"]
[ext_resource type="Animation" uid="uid://0entig14wpy2" path="res://assets/animations/rig_medium/combat/Melee_1H_Attack_Stab.res" id="76_k1esd"]
[ext_resource type="Animation" uid="uid://m88fr24mqlqv" path="res://assets/animations/rig_medium/combat/Melee_Block_Attack.res" id="78_f4yw7"]
[ext_resource type="Animation" uid="uid://565g5d0i45vj" path="res://assets/animations/rig_medium/combat/Melee_Block_Hit.res" id="79_24hmn"]
[ext_resource type="Animation" uid="uid://bu6ffkd7htxbr" path="res://assets/animations/rig_medium/combat/Melee_Blocking.res" id="comb_blocking"]
[ext_resource type="Animation" uid="uid://d1jhdgd1ofc03" path="res://assets/animations/rig_medium/combat/Ranged_Bow_Draw.res" id="comb_bow_dr"]
[ext_resource type="Animation" uid="uid://c3ny3myxbc0a" path="res://assets/animations/rig_medium/combat/Ranged_Bow_Release.res" id="comb_bow_rel"]
[ext_resource type="Animation" uid="uid://c73ky5v5deir3" path="res://assets/animations/rig_medium/combat/Melee_1H_Attack_Chop.res" id="comb_m1h_ch"]
[ext_resource type="Animation" uid="uid://bg0uk4f3woxh4" path="res://assets/animations/rig_medium/combat/Melee_1H_Attack_Slice_Horizontal.res" id="comb_m1h_sl"]
[ext_resource type="Animation" uid="uid://crlpj1r4hg3pl" path="res://assets/animations/rig_medium/combat/Melee_Unarmed_Attack_Kick.res" id="comb_unarmed_kick"]
[ext_resource type="Animation" uid="uid://cpvh3mqrpuvim" path="res://assets/animations/rig_medium/combat/Melee_Unarmed_Attack_Punch_A.res" id="comb_unarmed_punch"]

[sub_resource type="AnimationLibrary" id="AnimationLibrary_b0b0v"]
_data = {
&"Bow_Draw": ExtResource("comb_bow_dr"),
&"Bow_Release": ExtResource("comb_bow_rel"),
&"Chop": ExtResource("comb_m1h_ch"),
&"Chop 2": ExtResource("71_41cp6"),
&"Idle_A": ExtResource("14_idle"),
&"Interact": ExtResource("17_interact"),
&"Jump_Idle": ExtResource("11_ey55c"),
&"Melee_1H_Attack_Jump_Chop": ExtResource("74_pbyn3"),
&"Melee_1H_Attack_Slice_Diagonal": ExtResource("75_41cp6"),
&"Melee_1H_Attack_Stab": ExtResource("76_k1esd"),
&"Melee_Attack_1H": ExtResource("comb_m1h_sl"),
&"Melee_Block_Attack": ExtResource("78_f4yw7"),
&"Melee_Block_Hit": ExtResource("79_24hmn"),
&"Melee_Unarmed_Attack_Kick": ExtResource("comb_unarmed_kick"),
&"Melee_Unarmed_Attack_Punch_A": ExtResource("comb_unarmed_punch"),
&"PickUp": ExtResource("18_pickup"),
&"Pickaxe": ExtResource("19_nwtlr"),
&"Running_A": ExtResource("13_run_a"),
&"Shield_Block_Loop": ExtResource("comb_blocking"),
&"T-Pose": ExtResource("12_upkct"),
&"Use_Item": ExtResource("19_useitem"),
&"Walking_B": ExtResource("13_jxcl3")
}

[node name="BaseCharacter" type="Node3D" unique_id=903195594]
script = ExtResource("1_k8f6t")

[node name="Rig_Medium" type="Node3D" parent="." unique_id=1591331848]

[node name="Skeleton3D" type="Skeleton3D" parent="Rig_Medium" unique_id=866997261]
bones/0/name = "root"
bones/0/parent = -1
bones/0/rest = Transform3D(1, 0, 2.3841855e-07, 0, 1, 0, -2.3841855e-07, 0, 1, 0, 0, 0)
bones/0/enabled = true
bones/0/position = Vector3(0, 0, 0)
bones/0/rotation = Quaternion(0, 1.19209275e-07, 0, 1)
bones/0/scale = Vector3(1, 1, 1)
bones/1/name = "hips"
bones/1/parent = 0
bones/1/rest = Transform3D(1, 0, -2.3841855e-07, 0, 1, 0, 2.3841855e-07, 0, 1, 0, 0.40566343, 0)
bones/1/enabled = true
bones/1/position = Vector3(0, 0.39206383, 0)
bones/1/rotation = Quaternion(-1.11122625e-10, 0.043157753, 2.5724098e-09, 0.9990683)
bones/1/scale = Vector3(1, 1, 1)
bones/2/name = "spine"
bones/2/parent = 1
bones/2/rest = Transform3D(1, 0, 1.4210855e-14, 0, 1, 0, -1.4210855e-14, 0, 1, 0, 0.1919775, 0)
bones/2/enabled = true
bones/2/position = Vector3(0, 0.1919775, 0)
bones/2/rotation = Quaternion(-6.938893e-18, 7.1054274e-15, 4.93038e-32, 1)
bones/2/scale = Vector3(1, 1, 1)
bones/3/name = "chest"
bones/3/parent = 2
bones/3/rest = Transform3D(1, 0, -1.6940659e-21, 0, 0.99999994, 0, 1.6940659e-21, 0, 1, 0, 0.37498796, 0)
bones/3/enabled = true
bones/3/position = Vector3(0, 0.37498796, 0)
bones/3/rotation = Quaternion(8.271806e-25, 3.7252903e-09, -2.75506e-40, 1)
bones/3/scale = Vector3(1, 0.99999994, 1)
bones/4/name = "upperarm.l"
bones/4/parent = 3
bones/4/rest = Transform3D(0.057284202, 0.9983573, -4.5386042e-07, -3.8742996e-07, 4.768369e-07, 0.99999976, 0.9983573, -0.057284202, 4.1410917e-07, 0.21200737, 0.13413215, 8.402462e-08)
bones/4/enabled = true
bones/4/position = Vector3(0.21200736, 0.13413203, 7.9299625e-08)
bones/4/rotation = Quaternion(-0.5599063, -0.060880326, -0.6439745, 0.5177794)
bones/4/scale = Vector3(0.99999934, 0.99999934, 0.99999976)
bones/5/name = "lowerarm.l"
bones/5/parent = 4
bones/5/rest = Transform3D(0.99388725, 0.11040192, -1.2453701e-07, -0.110401966, 0.9938869, 3.9025445e-09, 1.2420661e-07, 9.87044e-09, 0.99999994, -3.2196643e-09, 0.2418973, -1.1940561e-07)
bones/5/enabled = true
bones/5/position = Vector3(-3.2196643e-09, 0.2418973, -1.1940561e-07)
bones/5/rotation = Quaternion(3.7650654e-08, -5.1384802e-08, -0.4947193, 0.8690529)
bones/5/scale = Vector3(1.0000002, 0.9999999, 0.99999994)
bones/6/name = "wrist.l"
bones/6/parent = 5
bones/6/rest = Transform3D(0.99857867, -0.053297248, -6.125374e-10, 0.053297248, 0.99857867, -1.1874038e-10, 6.179954e-10, 8.5925066e-11, 0.99999994, 7.426282e-09, 0.26004383, 6.127964e-11)
bones/6/enabled = true
bones/6/position = Vector3(7.426282e-09, 0.26004383, 6.127964e-11)
bones/6/rotation = Quaternion(1.514567e-08, -7.3584383e-09, 0.0266581, 0.99964464)
bones/6/scale = Vector3(1.0000001, 1, 1)
bones/7/name = "hand.l"
bones/7/parent = 6
bones/7/rest = Transform3D(1, 1.091039e-05, 2.7178578e-07, -1.0910391e-05, 0.99999994, -2.40181e-09, -2.7178584e-07, 2.398845e-09, 0.99999994, 9.054979e-13, 0.073825836, -2.220446e-16)
bones/7/enabled = true
bones/7/position = Vector3(9.054979e-13, 0.073825836, -2.220446e-16)
bones/7/rotation = Quaternion(-0.32106528, -0.32531866, 0.1457259, 0.8774103)
bones/7/scale = Vector3(1, 0.99999994, 0.99999994)
bones/8/name = "handslot.l"
bones/8/parent = 7
bones/8/rest = Transform3D(-1.1920929e-07, 1, -3.4461551e-16, -0.99999994, -1.192093e-07, -4.753489e-09, -4.753489e-09, -2.2204463e-16, 0.99999994, 5.1389204e-10, 0.09612507, -0.057500124)
bones/8/enabled = true
bones/8/position = Vector3(-6.936717e-09, 0.096125185, -0.057500005)
bones/8/rotation = Quaternion(6.9489685e-09, -3.587743e-09, -0.7071068, 0.7071067)
bones/8/scale = Vector3(0.99999994, 1, 0.99999994)
bones/9/name = "upperarm.r"
bones/9/parent = 3
bones/9/rest = Transform3D(0.05728419, -0.99835724, 4.4361707e-07, 5.6624367e-07, 4.7683673e-07, 0.99999976, -0.99835724, -0.05728419, 5.9262936e-07, -0.21200737, 0.13413215, 8.402462e-08)
bones/9/enabled = true
bones/9/position = Vector3(-0.21200737, 0.13413203, 8.6813984e-08)
bones/9/rotation = Quaternion(-0.6182439, 0.08072865, 0.61801153, 0.47887278)
bones/9/scale = Vector3(0.9999993, 0.9999993, 0.99999976)
bones/10/name = "lowerarm.r"
bones/10/parent = 9
bones/10/rest = Transform3D(0.99388725, -0.11040192, 1.2453701e-07, 0.110401966, 0.9938869, 3.9025445e-09, -1.2420661e-07, 9.87044e-09, 0.99999994, -7.1219225e-11, 0.24189733, -1.1940561e-07)
bones/10/enabled = true
bones/10/position = Vector3(-7.1219225e-11, 0.24189733, -1.1940561e-07)
bones/10/rotation = Quaternion(2.1687793e-08, 6.223694e-08, 0.5179393, 0.8554175)
bones/10/scale = Vector3(1.0000002, 0.9999999, 0.99999994)
bones/11/name = "wrist.r"
bones/11/parent = 10
bones/11/rest = Transform3D(0.99857867, 0.053297248, 6.1252675e-10, -0.053297248, 0.99857867, -1.1873953e-10, -6.1798466e-10, 8.592478e-11, 0.99999994, -7.426282e-09, 0.26004383, 6.127964e-11)
bones/11/enabled = true
bones/11/position = Vector3(-7.426282e-09, 0.26004383, 6.127964e-11)
bones/11/rotation = Quaternion(2.249753e-10, 6.8246844e-09, -0.026658092, 0.99964464)
bones/11/scale = Vector3(0.99999994, 0.99999994, 1)
bones/12/name = "hand.r"
bones/12/parent = 11
bones/12/rest = Transform3D(1, -1.091039e-05, -1.8421935e-07, 1.0910391e-05, 0.99999994, -2.4008373e-09, 1.8421939e-07, 2.3988274e-09, 0.99999994, 3.996803e-15, 0.073825836, -2.220446e-16)
bones/12/enabled = true
bones/12/position = Vector3(3.996803e-15, 0.073825836, -2.220446e-16)
bones/12/rotation = Quaternion(-0.31929126, 0.30052418, -0.22734971, 0.8695116)
bones/12/scale = Vector3(1, 0.99999994, 0.99999994)
bones/13/name = "handslot.r"
bones/13/parent = 12
bones/13/rest = Transform3D(-1.1920929e-07, -1, 3.4460874e-16, 0.99999994, -1.192093e-07, -4.7534323e-09, 4.7534323e-09, -2.2204463e-16, 0.99999994, -5.1389204e-10, 0.09612507, -0.057500124)
bones/13/enabled = true
bones/13/position = Vector3(-1.541501e-08, 0.096125126, -0.057499975)
bones/13/rotation = Quaternion(-9.53579e-10, -4.3147743e-09, 0.7071068, 0.7071067)
bones/13/scale = Vector3(0.99999994, 1, 0.99999994)
bones/14/name = "head"
bones/14/parent = 3
bones/14/rest = Transform3D(1, 0, 8.4703295e-22, 0, 1, 0, -8.4703295e-22, 0, 1, 0, 0.26879656, 0)
bones/14/enabled = true
bones/14/position = Vector3(0, 0.26879656, 0)
bones/14/rotation = Quaternion(-5.8060785e-11, -0.031341746, -1.880125e-09, 0.99950874)
bones/14/scale = Vector3(1, 1, 1)
bones/15/name = "upperleg.r"
bones/15/parent = 1
bones/15/rest = Transform3D(1, 1.496114e-07, -6.08626e-08, 1.4740667e-07, -0.9993962, -0.034741182, -6.6023446e-08, 0.034741133, -0.9993976, -0.17094506, 0.11358726, 1.3923272e-08)
bones/15/enabled = true
bones/15/position = Vector3(-0.17094508, 0.11358732, 1.557549e-08)
bones/15/rotation = Quaternion(0.9973222, -0.029457364, 0.03152927, 0.05904832)
bones/15/scale = Vector3(1, 0.9999998, 1.0000012)
bones/16/name = "lowerleg.r"
bones/16/parent = 15
bones/16/rest = Transform3D(1, -1.61291e-07, -1.2085522e-07, 1.3212053e-07, 0.9774329, -0.21124826, 1.5220023e-07, 0.21124834, 0.97743255, -3.5797574e-09, 0.2270775, -6.140325e-09)
bones/16/enabled = true
bones/16/position = Vector3(-3.5797574e-09, 0.2270775, -6.140325e-09)
bones/16/rotation = Quaternion(0.2740081, -6.3812955e-08, 1.927607e-07, 0.9617275)
bones/16/scale = Vector3(1, 1.0000005, 1.0000001)
bones/17/name = "foot.r"
bones/17/parent = 16
bones/17/rest = Transform3D(1, -1.5513058e-07, 2.935212e-07, -1.4711547e-07, 0.5855154, 0.8106606, -2.9761958e-07, -0.81066227, 0.5855142, -1.8339222e-10, 0.14943703, 9.658786e-10)
bones/17/enabled = true
bones/17/position = Vector3(-1.8339222e-10, 0.14943703, 9.658786e-10)
bones/17/rotation = Quaternion(-0.5590394, 0.11451276, -0.008627633, 0.82115)
bones/17/scale = Vector3(1, 1.0000008, 0.99999875)
bones/18/name = "toes.r"
bones/18/parent = 17
bones/18/rest = Transform3D(-1, 8.95137e-08, 1.0213958e-07, -1.1394949e-08, 0.6941041, -0.7198751, -1.3533413e-07, -0.71987, -0.694109, 2.1323326e-10, 0.16565003, 5.1714e-09)
bones/18/enabled = true
bones/18/position = Vector3(2.1323326e-10, 0.16565003, 5.1714e-09)
bones/18/rotation = Quaternion(-8.934892e-05, 0.9202217, -0.3913977, 2.0290998e-05)
bones/18/scale = Vector3(1, 0.9999966, 1.0000037)
bones/19/name = "upperleg.l"
bones/19/parent = 1
bones/19/rest = Transform3D(1, -1.4221531e-07, -2.6560238e-08, -1.4305222e-07, -0.9993962, -0.034741182, -2.160345e-08, 0.034741133, -0.9993976, 0.17094506, 0.11358726, 1.3923272e-08)
bones/19/enabled = true
bones/19/position = Vector3(0.17094508, 0.1135872, 1.5994095e-08)
bones/19/rotation = Quaternion(0.99371517, 0.08371457, 0.07350378, 0.0109185325)
bones/19/scale = Vector3(1, 0.9999998, 1.0000012)
bones/20/name = "lowerleg.l"
bones/20/parent = 19
bones/20/rest = Transform3D(1, 1.61291e-07, 1.2085519e-07, -1.3212053e-07, 0.9774329, -0.21124826, -1.522002e-07, 0.21124834, 0.97743255, 3.5797574e-09, 0.2270775, -6.140325e-09)
bones/20/enabled = true
bones/20/position = Vector3(3.5797574e-09, 0.2270775, -6.140325e-09)
bones/20/rotation = Quaternion(0.19560215, 6.2622235e-08, -1.3223871e-07, 0.9806833)
bones/20/scale = Vector3(1, 1.0000005, 1.0000001)
bones/21/name = "foot.l"
bones/21/parent = 20
bones/21/rest = Transform3D(1, 4.6432284e-08, 6.012426e-08, -7.592727e-08, 0.5855154, 0.8106606, 2.437142e-09, -0.81066227, 0.5855142, 1.8339347e-10, 0.14943703, 9.658738e-10)
bones/21/enabled = true
bones/21/position = Vector3(1.8339347e-10, 0.14943703, 9.658738e-10)
bones/21/rotation = Quaternion(-0.517564, -0.2094967, 0.043654874, 0.82845217)
bones/21/scale = Vector3(1, 1.0000008, 0.99999875)
bones/22/name = "toes.l"
bones/22/parent = 21
bones/22/rest = Transform3D(-1, 1.332896e-07, 6.9433895e-08, 4.2534122e-08, 0.6941041, -0.7198751, -1.4414616e-07, -0.71987, -0.694109, -1.5114397e-08, 0.16565003, 5.171392e-09)
bones/22/enabled = true
bones/22/position = Vector3(-1.5114397e-08, 0.16565003, 5.171392e-09)
bones/22/rotation = Quaternion(0.00011178441, 0.92025787, -0.39131266, -2.5241658e-05)
bones/22/scale = Vector3(1, 0.9999966, 1.0000037)

[node name="Head_F-W_02_R" parent="Rig_Medium/Skeleton3D" unique_id=1363515700 instance=ExtResource("2_hcn84")]

[node name="Head_M-W_02_R" parent="Rig_Medium/Skeleton3D" unique_id=1233801628 instance=ExtResource("3_5l5lm")]
transform = Transform3D(0.99999994, 7.0873885e-29, -4.9873063e-15, 0, 0.99999994, 1.4210856e-14, 4.987306e-15, -1.4210855e-14, 1, 0, 1.1920929e-07, 5.684342e-14)

[node name="Head_F-W_01_R" parent="Rig_Medium/Skeleton3D" unique_id=115916197 instance=ExtResource("4_tmpau")]
transform = Transform3D(0.99999994, 7.0873885e-29, -4.9873063e-15, 0, 0.99999994, 1.4210856e-14, 4.987306e-15, -1.4210855e-14, 1, 0, 1.1920929e-07, 5.684342e-14)

[node name="Head_M-W_01_R" parent="Rig_Medium/Skeleton3D" unique_id=1354610020 instance=ExtResource("5_lfxo5")]
transform = Transform3D(0.99999994, 7.0873885e-29, -4.9873063e-15, 0, 0.99999994, 1.4210856e-14, 4.987306e-15, -1.4210855e-14, 1, 0, 1.1920929e-07, 5.684342e-14)

[node name="HandAttach_R" type="BoneAttachment3D" parent="Rig_Medium/Skeleton3D" unique_id=230755064]
transform = Transform3D(0.14989454, 4.7683716e-07, -0.98870134, 2.9802322e-08, -0.99999917, -1.4901161e-07, -0.98870134, -4.3213367e-07, -0.14989462, -0.5479113, 0.73715466, 0.097976476)
bone_name = "hand.r"
bone_idx = 12

[node name="EquippedToolRight" type="Node3D" parent="Rig_Medium/Skeleton3D/HandAttach_R" unique_id=815459925]
transform = Transform3D(0.4, 0, 0, 0, 0.4, 0, 0, 0, 0.4, 0.02, 0.08, -0.02)

[node name="Hatchet_Basic" parent="Rig_Medium/Skeleton3D/HandAttach_R/EquippedToolRight" unique_id=1667268177 instance=ExtResource("2_vi1d6")]
transform = Transform3D(0.3373217, -2.4001667, 0.61271966, -2.4756756, -0.34793323, -1.4901161e-08, 0.08527414, -0.6067567, -2.4237535, -0.14686882, -0.0038645267, 0.035702467)
visible = false

[node name="Hatchet_Bronze" parent="Rig_Medium/Skeleton3D/HandAttach_R/EquippedToolRight" unique_id=1225444698 instance=ExtResource("3_kj756")]
transform = Transform3D(0.0058036745, -0.9998306, 0.017464586, -0.99097526, -0.008089304, -0.13380475, 0.1339233, -0.016530514, -0.99085355, -0.17256379, -0.08761716, -0.14230514)
visible = false

[node name="Pickaxe_Basic" parent="Rig_Medium/Skeleton3D/HandAttach_R/EquippedToolRight" unique_id=1211719090 instance=ExtResource("4_vi1d6")]
transform = Transform3D(-0.20902401, -1.9842654, -0.0052628913, -1.5732234, 0.23935395, -0.6268017, 0.5197879, -0.07349513, -1.8992349, -0.049999833, 0.037499785, 0.05000031)
visible = false

[node name="Pickaxe_Bronze" parent="Rig_Medium/Skeleton3D/HandAttach_R/EquippedToolRight" unique_id=1567564236 instance=ExtResource("5_mhell")]
transform = Transform3D(-0.209024, -1.9842654, -0.005262891, -1.5732232, 0.23935394, -0.6268018, 0.5197879, -0.073495135, -1.8992348, -0.049999833, 0.037499785, 0.05000031)
visible = false

[node name="Fishing_Pole" parent="Rig_Medium/Skeleton3D/HandAttach_R/EquippedToolRight" unique_id=245412400 instance=ExtResource("6_633uw")]
transform = Transform3D(-0.19219363, -1.6951871, -1.0437444, -0.35265294, -1.0030218, 1.693985, -1.9592588, 0.34682634, -0.20251924, -0.000116318464, 0.26010454, -3.0994415e-05)
visible = false

[node name="Hammer_Common" parent="Rig_Medium/Skeleton3D/HandAttach_R/EquippedToolRight" unique_id=632950477 instance=ExtResource("7_hcn84")]
transform = Transform3D(0.537993, -1.6839651, -0.33885837, 1.699169, 0.46967798, 0.36363167, -0.2517715, -0.42856053, 1.7300135, -0.037598073, 0.04066062, -0.010243058)
visible = false

[node name="EquippedWeaponRight" type="Node3D" parent="Rig_Medium/Skeleton3D/HandAttach_R" unique_id=2015968848]
transform = Transform3D(0.4, 0, 0, 0, 0.4, 0, 0, 0, 0.4, 0.02, 0.08, -0.02)

[node name="Dagger_Bronze" parent="Rig_Medium/Skeleton3D/HandAttach_R/EquippedWeaponRight" unique_id=776132837 instance=ExtResource("8_5l5lm")]
transform = Transform3D(0.18716317, -1.2218915, -0.18561046, 0.59846175, -0.07464798, 1.0948849, -1.0813477, -0.25280216, 0.57382774, -0.21319687, 0.076958895, 0.011393905)
visible = false

[node name="1h_Sword_Wooden" parent="Rig_Medium/Skeleton3D/HandAttach_R/EquippedWeaponRight" unique_id=1687718253 instance=ExtResource("13_ugjvj")]
transform = Transform3D(-0.061425954, -1.918542, -0.56162554, 1.9185432, -0.21443698, 0.52269346, -0.5616213, -0.522698, 1.846989, -0.12925005, 0.02533102, 0.041024923)
visible = false

[node name="1h_Katana_Bronze" parent="Rig_Medium/Skeleton3D/HandAttach_R/EquippedWeaponRight" unique_id=267845661 instance=ExtResource("15_vdbgy")]
transform = Transform3D(-0.045347746, -1.920541, 0.5562956, -1.9017017, 0.21330993, 0.5814043, -0.6176374, -0.51577127, -1.8309844, -0.12925005, 0.02533102, 0.041024923)
visible = false

[node name="1h_ShortSword_Bronze" parent="Rig_Medium/Skeleton3D/HandAttach_R/EquippedWeaponRight" unique_id=2143609465 instance=ExtResource("14_nl10w")]
transform = Transform3D(-0.061425984, -1.918542, -0.56162554, 1.9185442, -0.21443701, 0.5226934, -0.5616213, -0.5226981, 1.8469887, -0.12925011, 0.02533102, 0.0410254)
visible = false

[node name="1h_ShortSword_Iron" parent="Rig_Medium/Skeleton3D/HandAttach_R/EquippedWeaponRight" unique_id=1884864841 instance=ExtResource("16_a2epi")]
transform = Transform3D(-0.061426036, -1.918542, -0.5616254, 1.9185439, -0.21443698, 0.5226931, -0.56162125, -0.52269804, 1.8469887, -0.12925011, 0.02533102, 0.0410254)
visible = false

[node name="1h_ShortSword_Steel" parent="Rig_Medium/Skeleton3D/HandAttach_R/EquippedWeaponRight" unique_id=1824597184 instance=ExtResource("17_8pp4d")]
transform = Transform3D(-0.061426036, -1.918542, -0.5616254, 1.9185439, -0.21443698, 0.5226931, -0.56162125, -0.52269804, 1.8469887, -0.12925011, 0.02533102, 0.0410254)
visible = false

[node name="1h_ShortSword_Mithril" parent="Rig_Medium/Skeleton3D/HandAttach_R/EquippedWeaponRight" unique_id=2103147451 instance=ExtResource("18_3o2lc")]
transform = Transform3D(-0.061426036, -1.918542, -0.5616254, 1.9185439, -0.21443698, 0.5226931, -0.56162125, -0.52269804, 1.8469887, -0.12925011, 0.02533102, 0.0410254)
visible = false

[node name="1h_ShortSword_Adamant" parent="Rig_Medium/Skeleton3D/HandAttach_R/EquippedWeaponRight" unique_id=1998217798 instance=ExtResource("19_bue0b")]
transform = Transform3D(-0.061426036, -1.918542, -0.5616254, 1.9185439, -0.21443698, 0.5226931, -0.56162125, -0.52269804, 1.8469887, -0.12925011, 0.02533102, 0.0410254)
visible = false

[node name="1h_ShortSword_Rune" parent="Rig_Medium/Skeleton3D/HandAttach_R/EquippedWeaponRight" unique_id=1498044362 instance=ExtResource("20_rqdgg")]
transform = Transform3D(-0.061426036, -1.918542, -0.5616254, 1.9185439, -0.21443698, 0.5226931, -0.56162125, -0.52269804, 1.8469887, -0.12925011, 0.02533102, 0.0410254)
visible = false

[node name="1h_ShortSword_Dragon" parent="Rig_Medium/Skeleton3D/HandAttach_R/EquippedWeaponRight" unique_id=1671323118 instance=ExtResource("21_4dofb")]
transform = Transform3D(-0.061426036, -1.918542, -0.5616254, 1.9185439, -0.21443698, 0.5226931, -0.56162125, -0.52269804, 1.8469887, -0.12925011, 0.02533102, 0.0410254)
visible = false

[node name="Spear_Basic" parent="Rig_Medium/Skeleton3D/HandAttach_R/EquippedWeaponRight" unique_id=1542361313 instance=ExtResource("23_g1qwb")]
visible = false

[node name="Staff_Basic" parent="Rig_Medium/Skeleton3D/HandAttach_R/EquippedWeaponRight" unique_id=883555473 instance=ExtResource("24_soir5")]
visible = false

[node name="Staff_Blue" parent="Rig_Medium/Skeleton3D/HandAttach_R/EquippedWeaponRight" unique_id=1596555814 instance=ExtResource("25_g1qwb")]
visible = false

[node name="Staff_Green" parent="Rig_Medium/Skeleton3D/HandAttach_R/EquippedWeaponRight" unique_id=1308846320 instance=ExtResource("26_iieiw")]
visible = false

[node name="Spear_Bronze" parent="Rig_Medium/Skeleton3D/HandAttach_R/EquippedWeaponRight" unique_id=1824479659 instance=ExtResource("27_csl7y")]
visible = false

[node name="Wand_Beginner" parent="Rig_Medium/Skeleton3D/HandAttach_R/EquippedWeaponRight" unique_id=501418107 instance=ExtResource("28_ae42p")]
visible = false

[node name="Wand_Apprentice" parent="Rig_Medium/Skeleton3D/HandAttach_R/EquippedWeaponRight" unique_id=1865138544 instance=ExtResource("29_a876b")]
visible = false

[node name="HandAttach_L" type="BoneAttachment3D" parent="Rig_Medium/Skeleton3D" unique_id=1498365635]
transform = Transform3D(0.262863, -8.940697e-08, 0.96483254, -1.4901161e-07, -0.9999993, 2.9802322e-07, 0.96483266, -4.7683716e-07, -0.26286325, 0.56324613, 0.73283017, -0.03363579)
bone_name = "hand.l"
bone_idx = 7

[node name="EquippedToolLeft" type="Node3D" parent="Rig_Medium/Skeleton3D/HandAttach_L" unique_id=623155603]

[node name="Torch" parent="Rig_Medium/Skeleton3D/HandAttach_L/EquippedToolLeft" unique_id=1765022816 instance=ExtResource("10_lfxo5")]
transform = Transform3D(-0.10260871, 0.75432044, 0.24591093, -0.7543205, -0.16960569, 0.20550992, 0.24591029, -0.20551074, 0.73300296, -0.036603004, 0.13116366, 0.028621852)
visible = false

[node name="Chisel" parent="Rig_Medium/Skeleton3D/HandAttach_L/EquippedToolLeft" unique_id=959245639 instance=ExtResource("11_udusj")]
transform = Transform3D(-0.09468653, 0.38777915, 0.025720416, -0.14776638, -0.011437908, -0.3715298, -0.35944316, -0.097449124, 0.14595965, 0.07199395, 0.12131399, -0.0056768954)

[node name="Tacklebox" parent="Rig_Medium/Skeleton3D/HandAttach_L/EquippedToolLeft" unique_id=855795433 instance=ExtResource("12_2wxdn")]
transform = Transform3D(-0.7263117, -0.036616087, 0.18338838, 0.05568116, -0.74446815, 0.07188239, 0.17852645, 0.08322702, 0.7236722, 0.03202921, 0.46533555, 0.011936009)
visible = false

[node name="HuntingKnife" parent="Rig_Medium/Skeleton3D/HandAttach_L/EquippedToolLeft" unique_id=294975422 instance=ExtResource("25_d8xjw")]
transform = Transform3D(0.13319577, -0.47145748, 0.09993357, 0.47145745, 0.10596943, -0.12844595, 0.09993382, 0.1284458, 0.47277373, 0.0034610033, 0.111614406, 0.0020051599)
visible = false

[node name="EquippedWeaponLeft" type="Node3D" parent="Rig_Medium/Skeleton3D/HandAttach_L" unique_id=1750386448]

[node name="Bow_Short_Common" parent="Rig_Medium/Skeleton3D/HandAttach_L/EquippedWeaponLeft" unique_id=989506472 instance=ExtResource("22_soir5")]
transform = Transform3D(0.123073965, 0.045413014, -0.48248369, -0.3929947, 0.30062988, -0.07195037, 0.28356317, 0.39693764, 0.1096937, 0.001628086, 0.09320086, -0.019131422)
visible = false

[node name="Bow_Long_Common" parent="Rig_Medium/Skeleton3D/HandAttach_L/EquippedWeaponLeft" unique_id=2142615430 instance=ExtResource("23_iieiw")]
transform = Transform3D(0.47613657, -0.11362775, 0.10189534, -0.0063707707, 0.31872588, 0.38519272, -0.15249033, -0.36810717, 0.30206603, 0.0016281754, 0.12262499, -0.019131422)
visible = false

[node name="ArrowSpawn" type="Marker3D" parent="Rig_Medium/Skeleton3D/HandAttach_L/EquippedWeaponLeft" unique_id=1238958089]
transform = Transform3D(1, 0, 0, 0, 1, 0, 0, 0, 1, 0, 0.09, 0.02)

[node name="EquippedShield" type="Node3D" parent="Rig_Medium/Skeleton3D/HandAttach_L" unique_id=111536571]

[node name="Shield_Kite_Bronze" parent="Rig_Medium/Skeleton3D/HandAttach_L/EquippedShield" unique_id=1100757994 instance=ExtResource("26_pxmg8")]
transform = Transform3D(-0.3465467, 0.92579854, 0.15100655, -0.905631, -0.37215793, 0.20330189, 0.24441475, -0.06630258, 0.9674016, 0.027847439, 0.038146913, 0.10221282)
visible = false

[node name="Shield_Kite_Iron" parent="Rig_Medium/Skeleton3D/HandAttach_L/EquippedShield" unique_id=1446479251 instance=ExtResource("27_wknlu")]
transform = Transform3D(-0.34654656, 0.9257983, 0.15100649, -0.90563065, -0.37215784, 0.20330176, 0.24441467, -0.06630256, 0.9674014, 0.027847439, 0.038146913, 0.10221282)
visible = false

[node name="Shield_Square_Bronze" parent="Rig_Medium/Skeleton3D/HandAttach_L/EquippedShield" unique_id=1715047943 instance=ExtResource("28_0kkbh")]
transform = Transform3D(-0.18770602, 0.94314224, 0.27431598, -0.95176554, -0.24365906, 0.18647443, 0.24271138, -0.22608209, 0.94338644, 0.04434544, 0.038146734, 0.09771803)
visible = false

[node name="Shield_Square_Iron" parent="Rig_Medium/Skeleton3D/HandAttach_L/EquippedShield" unique_id=1602466958 instance=ExtResource("29_122q4")]
transform = Transform3D(-0.18770604, 0.9431421, 0.27431598, -0.95176554, -0.24365896, 0.18647435, 0.24271137, -0.22608215, 0.9433865, 0.04434544, 0.038146734, 0.09771803)
visible = false

[node name="Shield_Wooden" parent="Rig_Medium/Skeleton3D/HandAttach_L/EquippedShield" unique_id=1329133893 instance=ExtResource("30_soir5")]
transform = Transform3D(-0.18770604, 0.9431421, 0.27431598, -0.95176554, -0.24365896, 0.18647435, 0.24271137, -0.22608215, 0.9433865, 0.027847439, 0.038146913, 0.10221282)
visible = false

[node name="Back_Slot" type="BoneAttachment3D" parent="Rig_Medium/Skeleton3D" unique_id=1073685197]
transform = Transform3D(1, 0, 2.3841855e-07, 0, 1, 0, -2.3841855e-07, 0, 1, 0, 0, 0)
bone_name = "root"
bone_idx = 0

[node name="Capes" type="Node3D" parent="Rig_Medium/Skeleton3D/Back_Slot" unique_id=791032821]

[node name="Cape_Blue" parent="Rig_Medium/Skeleton3D/Back_Slot/Capes" unique_id=1287997523 instance=ExtResource("32_rqdgg")]
visible = false

[node name="Backpacks" type="Node3D" parent="Rig_Medium/Skeleton3D/Back_Slot" unique_id=671294743]

[node name="Backpack_Large" parent="Rig_Medium/Skeleton3D/Back_Slot/Backpacks" unique_id=281491880 instance=ExtResource("41_g1qwb")]
visible = false

[node name="Quivers" type="Node3D" parent="Rig_Medium/Skeleton3D/Back_Slot" unique_id=1668550599]

[node name="Quiver_Common" parent="Rig_Medium/Skeleton3D/Back_Slot/Quivers" unique_id=1965624251 instance=ExtResource("41_3ldw4")]
visible = false

[node name="Quiver_Bronze" parent="Rig_Medium/Skeleton3D/Back_Slot/Quivers" unique_id=523486968 instance=ExtResource("43_k1esd")]
visible = false

[node name="Quiver_Iron" parent="Rig_Medium/Skeleton3D/Back_Slot/Quivers" unique_id=720076930 instance=ExtResource("44_f4yw7")]
visible = false

[node name="Hats" type="Node3D" parent="Rig_Medium/Skeleton3D" unique_id=835577238]
transform = Transform3D(0.9997204, -1.3969839e-09, 0.02364657, 7.039006e-05, 0.99999547, -0.0029758648, -0.023646463, 0.0029766955, 0.99971604, -4.296505e-09, 1.2278123, 0.0027031973)

[node name="Helmets" type="Node3D" parent="Rig_Medium/Skeleton3D" unique_id=1565207411]

[node name="FullHelm_Bronze" parent="Rig_Medium/Skeleton3D/Helmets" unique_id=135273441 instance=ExtResource("17_udusj")]
visible = false

[node name="FullHelm_Iron" parent="Rig_Medium/Skeleton3D/Helmets" unique_id=1833263464 instance=ExtResource("18_bccg2")]
visible = false

[node name="FullHelm_Steel" parent="Rig_Medium/Skeleton3D/Helmets" unique_id=302897788 instance=ExtResource("19_usgag")]
visible = false

[node name="FullHelm_Mithril" parent="Rig_Medium/Skeleton3D/Helmets" unique_id=988714129 instance=ExtResource("20_cvvpr")]
visible = false

[node name="FullHelm_Adamant" parent="Rig_Medium/Skeleton3D/Helmets" unique_id=900760088 instance=ExtResource("21_e22wm")]
visible = false

[node name="FullHelm_Rune" parent="Rig_Medium/Skeleton3D/Helmets" unique_id=284470337 instance=ExtResource("22_li1ky")]
visible = false

[node name="FullHelm_Dragon" parent="Rig_Medium/Skeleton3D/Helmets" unique_id=1914636382 instance=ExtResource("25_gst55")]
visible = false

[node name="Armor" type="Node3D" parent="Rig_Medium/Skeleton3D" unique_id=1397946098]

[node name="Bronze" type="Node3D" parent="Rig_Medium/Skeleton3D/Armor" unique_id=374937335]
visible = false

[node name="Platebody_Bronze" parent="Rig_Medium/Skeleton3D/Armor/Bronze" unique_id=1256398807 instance=ExtResource("18_2wxdn")]

[node name="Platelegs_Bronze" parent="Rig_Medium/Skeleton3D/Armor/Bronze" unique_id=1877213481 instance=ExtResource("21_bccg2")]
transform = Transform3D(0.99999994, 2.0159746e-10, -2.2352047e-08, -2.3283064e-10, 0.99999887, -0.001397338, 2.2351742e-08, 0.0013973378, 0.99999905, 0, 0, 0)

[node name="Iron" type="Node3D" parent="Rig_Medium/Skeleton3D/Armor" unique_id=1241122900]
visible = false

