[gd_scene format=3 uid="uid://c4e26ayvivfoj"]

[ext_resource type="Script" uid="uid://d2yp2dq4bxkpx" path="res://entities/characters/base_character/base_character.gd" id="1_k8f6t"]
[ext_resource type="PackedScene" uid="uid://c7bum8q1w6sal" path="res://entities/characters/base_character/armL_default.tscn" id="1_q1tpy"]
[ext_resource type="PackedScene" uid="uid://cv1o84ye1kgjc" path="res://entities/characters/base_character/armR_default.tscn" id="2_spp4w"]
[ext_resource type="PackedScene" uid="uid://bxwqnpy2nj26j" path="res://entities/equipment/tools/hatchet_basic.tscn" id="2_vi1d6"]
[ext_resource type="PackedScene" uid="uid://dqum5qhqw8lxe" path="res://entities/equipment/tools/hatchet_bronze.tscn" id="3_kj756"]
[ext_resource type="PackedScene" uid="uid://5vxi2vbd3arf" path="res://entities/characters/base_character/body_default.tscn" id="3_vl2hm"]
[ext_resource type="PackedScene" uid="uid://b8f0fwj213du0" path="res://entities/characters/base_character/head_default.tscn" id="4_k8f6t"]
[ext_resource type="PackedScene" uid="uid://dl8nv0b72d0dv" path="res://entities/characters/head_library/head_mage.tscn" id="4_swqeb"]
[ext_resource type="PackedScene" uid="uid://bmv4fcadnp2nq" path="res://entities/equipment/tools/pickaxe_basic.tscn" id="4_vi1d6"]
[ext_resource type="PackedScene" uid="uid://bf5pwm3v17uv2" path="res://entities/characters/head_library/head_ranger.tscn" id="4_vl2hm"]
[ext_resource type="PackedScene" uid="uid://2dpxjfyvusnf" path="res://entities/equipment/tools/pickaxe_bronze.tscn" id="5_mhell"]
[ext_resource type="PackedScene" uid="uid://cptu7k6tthp5l" path="res://entities/characters/base_character/legL_default.tscn" id="5_swqeb"]
[ext_resource type="PackedScene" uid="uid://lafnf4dbnsv3" path="res://entities/equipment/tools/fishing_pole.tscn" id="6_633uw"]
[ext_resource type="PackedScene" uid="uid://3qh650bksi38" path="res://entities/characters/base_character/legR_default.tscn" id="6_gq86d"]
[ext_resource type="PackedScene" uid="uid://hff5eby587u3" path="res://entities/equipment/tools/tool_hammer.tscn" id="7_hcn84"]
[ext_resource type="Texture2D" uid="uid://n4s811wr2nhy" path="res://assets/kaykit/characters/raw/Engineer_engineer_texture.png" id="7_k8f6t"]
[ext_resource type="PackedScene" uid="uid://bowouj2mkapt8" path="res://entities/equipment/weapons/melee/dagger_bronze.tscn" id="8_5l5lm"]
[ext_resource type="PackedScene" uid="uid://didfsnir87k1n" path="res://entities/equipment/weapons/melee/1h_sword_bronze.tscn" id="9_tmpau"]
[ext_resource type="PackedScene" uid="uid://b7pnqddunrelb" path="res://entities/equipment/off_hand/torch.tscn" id="10_lfxo5"]
[ext_resource type="Animation" uid="uid://shplmx2jg2pf" path="res://assets/animations/rig_medium/movement/Jump_Idle.res" id="11_ey55c"]
[ext_resource type="PackedScene" uid="uid://3sstdn37s5ct" path="res://entities/characters/base_character/tool_chisel.tscn" id="11_udusj"]
[ext_resource type="PackedScene" uid="uid://b01fur407hh45" path="res://entities/characters/base_character/tool_tacklebox.tscn" id="12_2wxdn"]
[ext_resource type="Animation" uid="uid://c1ppoxn7spxqu" path="res://assets/animations/rig_medium/movement/T-Pose.res" id="12_upkct"]
[ext_resource type="Animation" uid="uid://cflhjeqn0pbxu" path="res://assets/animations/rig_medium/movement/Walking_B.res" id="13_jxcl3"]
[ext_resource type="Animation" uid="uid://d3o4ksbp01vk4" path="res://assets/animations/rig_medium/movement/Running_A.res" id="13_run_a"]
[ext_resource type="Animation" uid="uid://dygrxw05ywtf4" path="res://assets/animations/rig_medium/tools/Chopping.res" id="14_0oxa4"]
[ext_resource type="Animation" uid="uid://cxfyxr5v0c2sk" path="res://assets/animations/rig_medium/general/Idle_A.res" id="14_idle"]
[ext_resource type="Animation" uid="uid://cv4sp6esrkaa1" path="res://assets/animations/rig_medium/general/Interact.res" id="17_interact"]
[ext_resource type="Animation" uid="uid://m5s1tiavkv7n" path="res://assets/animations/rig_medium/general/PickUp.res" id="18_pickup"]
[ext_resource type="Animation" uid="uid://b6gl3sn4jmmhh" path="res://assets/animations/rig_medium/tools/Pickaxing.res" id="19_nwtlr"]
[ext_resource type="Animation" uid="uid://bp2kdimdsfno6" path="res://assets/animations/rig_medium/general/Use_Item.res" id="19_useitem"]

[sub_resource type="StandardMaterial3D" id="StandardMaterial3D_gq86d"]
albedo_texture = ExtResource("7_k8f6t")

[sub_resource type="StandardMaterial3D" id="StandardMaterial3D_8cj2k"]
albedo_texture = ExtResource("7_k8f6t")

[sub_resource type="StandardMaterial3D" id="StandardMaterial3D_swqeb"]
albedo_texture = ExtResource("7_k8f6t")

[sub_resource type="AnimationLibrary" id="AnimationLibrary_b0b0v"]
_data = {
&"Chop": ExtResource("14_0oxa4"),
&"Idle_A": ExtResource("14_idle"),
&"Interact": ExtResource("17_interact"),
&"Jump_Idle": ExtResource("11_ey55c"),
&"PickUp": ExtResource("18_pickup"),
&"Pickaxe": ExtResource("19_nwtlr"),
&"Running_A": ExtResource("13_run_a"),
&"T-Pose": ExtResource("12_upkct"),
&"Use_Item": ExtResource("19_useitem"),
&"Walking_B": ExtResource("13_jxcl3")
}

[node name="BaseCharacter" type="Node3D" unique_id=903195594]
script = ExtResource("1_k8f6t")

[node name="Rig_Medium" type="Node3D" parent="." unique_id=1591331848]

[node name="Skeleton3D" type="Skeleton3D" parent="Rig_Medium" unique_id=866997261]
bones/0/name = "root"
bones/0/parent = -1
bones/0/rest = Transform3D(1, 0, 2.3841855e-07, 0, 1, 0, -2.3841855e-07, 0, 1, 0, 0, 0)
bones/0/enabled = true
bones/0/position = Vector3(0, 0, 0)
bones/0/rotation = Quaternion(0, 1.19209275e-07, 0, 1)
bones/0/scale = Vector3(1, 1, 1)
bones/1/name = "hips"
bones/1/parent = 0
bones/1/rest = Transform3D(1, 0, -2.3841855e-07, 0, 1, 0, 2.3841855e-07, 0, 1, 0, 0.40566343, 0)
bones/1/enabled = true
bones/1/position = Vector3(0, 0.39206383, 0)
bones/1/rotation = Quaternion(-1.11122625e-10, 0.043157753, 2.5724098e-09, 0.9990683)
bones/1/scale = Vector3(0.99999994, 1, 0.99999994)
bones/2/name = "spine"
bones/2/parent = 1
bones/2/rest = Transform3D(1, 0, 1.4210855e-14, 0, 1, 0, -1.4210855e-14, 0, 1, 0, 0.1919775, 0)
bones/2/enabled = true
bones/2/position = Vector3(0, 0.1919775, 0)
bones/2/rotation = Quaternion(-6.938893e-18, 7.1054274e-15, 4.93038e-32, 1)
bones/2/scale = Vector3(1.0000001, 1, 1.0000001)
bones/3/name = "chest"
bones/3/parent = 2
bones/3/rest = Transform3D(1, 0, -1.6940659e-21, 0, 0.99999994, 0, 1.6940659e-21, 0, 1, 0, 0.37498796, 0)
bones/3/enabled = true
bones/3/position = Vector3(0, 0.37498796, 0)
bones/3/rotation = Quaternion(0.0050096647, 7.4377144e-09, 0.00043362536, 0.99998736)
bones/3/scale = Vector3(1, 0.9999999, 1)
bones/4/name = "upperarm.l"
bones/4/parent = 3
bones/4/rest = Transform3D(0.057284202, 0.9983573, -4.5386042e-07, -3.8742996e-07, 4.768369e-07, 0.99999976, 0.9983573, -0.057284202, 4.1410917e-07, 0.21200737, 0.13413215, 8.402462e-08)
bones/4/enabled = true
bones/4/position = Vector3(0.21200737, 0.13413215, 8.216504e-08)
bones/4/rotation = Quaternion(-0.5336149, -0.116774455, -0.77174187, 0.32562765)
bones/4/scale = Vector3(0.9999993, 0.99999905, 0.9999998)
bones/5/name = "lowerarm.l"
bones/5/parent = 4
bones/5/rest = Transform3D(0.99388725, 0.11040192, -1.2453701e-07, -0.110401966, 0.9938869, 3.9025445e-09, 1.2420661e-07, 9.87044e-09, 0.99999994, -3.2196643e-09, 0.2418973, -1.1940561e-07)
bones/5/enabled = true
bones/5/position = Vector3(-3.2196643e-09, 0.2418973, -1.1940561e-07)
bones/5/rotation = Quaternion(1.2367585e-08, -6.425559e-08, -0.35859546, 0.93349314)
bones/5/scale = Vector3(1.0000004, 0.9999998, 1)
bones/6/name = "wrist.l"
bones/6/parent = 5
bones/6/rest = Transform3D(0.99857867, -0.053297248, -6.125374e-10, 0.053297248, 0.99857867, -1.1874038e-10, 6.179954e-10, 8.5925066e-11, 0.99999994, 7.426282e-09, 0.26004383, 6.127964e-11)
bones/6/enabled = true
bones/6/position = Vector3(7.426282e-09, 0.26004383, 6.127964e-11)
bones/6/rotation = Quaternion(1.514567e-08, -7.3584383e-09, 0.0266581, 0.99964464)
bones/6/scale = Vector3(1.0000001, 1, 1)
bones/7/name = "hand.l"
bones/7/parent = 6
bones/7/rest = Transform3D(1, 1.091039e-05, 2.7178578e-07, -1.0910391e-05, 0.99999994, -2.40181e-09, -2.7178584e-07, 2.398845e-09, 0.99999994, 9.054979e-13, 0.073825836, -2.220446e-16)
bones/7/enabled = true
bones/7/position = Vector3(9.054979e-13, 0.073825836, -2.220446e-16)
bones/7/rotation = Quaternion(-0.2221493, -0.3458293, 0.18463314, 0.8927275)
bones/7/scale = Vector3(0.99999976, 1.0000001, 1.0000004)
bones/8/name = "handslot.l"
bones/8/parent = 7
bones/8/rest = Transform3D(-1.1920929e-07, 1, -3.4461551e-16, -0.99999994, -1.192093e-07, -4.753489e-09, -4.753489e-09, -2.2204463e-16, 0.99999994, 5.1389204e-10, 0.09612507, -0.057500124)
bones/8/enabled = true
bones/8/position = Vector3(5.138494e-10, 0.096125126, -0.057500005)
bones/8/rotation = Quaternion(-8.856098e-09, 1.2217325e-08, -0.7071068, 0.7071067)
bones/8/scale = Vector3(1, 1, 1)
bones/9/name = "upperarm.r"
bones/9/parent = 3
bones/9/rest = Transform3D(0.05728419, -0.99835724, 4.4361707e-07, 5.6624367e-07, 4.7683673e-07, 0.99999976, -0.99835724, -0.05728419, 5.9262936e-07, -0.21200737, 0.13413215, 8.402462e-08)
bones/9/enabled = true
bones/9/position = Vector3(-0.21200736, 0.13413227, 8.62731e-08)
bones/9/rotation = Quaternion(-0.5606276, 0.046832714, 0.73693085, 0.3747484)
bones/9/scale = Vector3(0.9999992, 0.9999988, 0.9999998)
bones/10/name = "lowerarm.r"
bones/10/parent = 9
bones/10/rest = Transform3D(0.99388725, -0.11040192, 1.2453701e-07, 0.110401966, 0.9938869, 3.9025445e-09, -1.2420661e-07, 9.87044e-09, 0.99999994, -7.1219225e-11, 0.24189733, -1.1940561e-07)
bones/10/enabled = true
bones/10/position = Vector3(-7.1219225e-11, 0.24189733, -1.1940561e-07)
bones/10/rotation = Quaternion(6.551466e-09, 4.5755723e-08, 0.37637335, 0.9264681)
bones/10/scale = Vector3(1.0000004, 0.99999976, 1.0000001)
bones/11/name = "wrist.r"
bones/11/parent = 10
bones/11/rest = Transform3D(0.99857867, 0.053297248, 6.1252675e-10, -0.053297248, 0.99857867, -1.1873953e-10, -6.1798466e-10, 8.592478e-11, 0.99999994, -7.426282e-09, 0.26004383, 6.127964e-11)
bones/11/enabled = true
bones/11/position = Vector3(-7.426282e-09, 0.26004383, 6.127964e-11)
bones/11/rotation = Quaternion(2.249753e-10, 6.8246844e-09, -0.026658092, 0.99964464)
bones/11/scale = Vector3(0.99999994, 0.99999994, 1)
bones/12/name = "hand.r"
bones/12/parent = 11
bones/12/rest = Transform3D(1, -1.091039e-05, -1.8421935e-07, 1.0910391e-05, 0.99999994, -2.4008373e-09, 1.8421939e-07, 2.3988274e-09, 0.99999994, 3.996803e-15, 0.073825836, -2.220446e-16)
bones/12/enabled = true
bones/12/position = Vector3(3.996803e-15, 0.073825836, -2.220446e-16)
bones/12/rotation = Quaternion(-0.21243733, 0.38411772, -0.14025737, 0.8874975)
bones/12/scale = Vector3(0.9999995, 0.99999994, 1.0000005)
bones/13/name = "handslot.r"
bones/13/parent = 12
bones/13/rest = Transform3D(-1.1920929e-07, -1, 3.4460874e-16, 0.99999994, -1.192093e-07, -4.7534323e-09, 4.7534323e-09, -2.2204463e-16, 0.99999994, -5.1389204e-10, 0.09612507, -0.057500124)
bones/13/enabled = true
bones/13/position = Vector3(-1.5415026e-08, 0.096125185, -0.057500005)
bones/13/rotation = Quaternion(-8.856115e-09, -1.2217303e-08, 0.7071068, 0.7071067)
bones/13/scale = Vector3(1, 1.0000001, 1.0000001)
bones/14/name = "head"
bones/14/parent = 3
bones/14/rest = Transform3D(1, 0, 8.4703295e-22, 0, 1, 0, -8.4703295e-22, 0, 1, 0, 0.26879656, 0)
bones/14/enabled = true
bones/14/position = Vector3(0, 0.26879656, 0)
bones/14/rotation = Quaternion(-0.0035347077, -0.031341568, -0.0001945917, 0.9995025)
bones/14/scale = Vector3(0.99999994, 1, 1)
bones/15/name = "upperleg.r"
bones/15/parent = 1
bones/15/rest = Transform3D(1, 1.496114e-07, -6.08626e-08, 1.4740667e-07, -0.9993962, -0.034741182, -6.6023446e-08, 0.034741133, -0.9993976, -0.17094506, 0.11358726, 1.3923272e-08)
bones/15/enabled = true
bones/15/position = Vector3(-0.17094508, 0.11358732, 1.557549e-08)
bones/15/rotation = Quaternion(0.9973222, -0.029457364, 0.03152927, 0.05904832)
bones/15/scale = Vector3(0.9999999, 0.99999976, 1.0000008)
bones/16/name = "lowerleg.r"
bones/16/parent = 15
bones/16/rest = Transform3D(1, -1.61291e-07, -1.2085522e-07, 1.3212053e-07, 0.9774329, -0.21124826, 1.5220023e-07, 0.21124834, 0.97743255, -3.5797574e-09, 0.2270775, -6.140325e-09)
bones/16/enabled = true
bones/16/position = Vector3(-3.5797574e-09, 0.2270775, -6.140325e-09)
bones/16/rotation = Quaternion(0.2740081, -6.3812955e-08, 1.927607e-07, 0.9617275)
bones/16/scale = Vector3(0.99999994, 0.99999976, 0.99999994)
bones/17/name = "foot.r"
bones/17/parent = 16
bones/17/rest = Transform3D(1, -1.5513058e-07, 2.935212e-07, -1.4711547e-07, 0.5855154, 0.8106606, -2.9761958e-07, -0.81066227, 0.5855142, -1.8339222e-10, 0.14943703, 9.658786e-10)
bones/17/enabled = true
bones/17/position = Vector3(-1.8339222e-10, 0.14943703, 9.658786e-10)
bones/17/rotation = Quaternion(-0.5590394, 0.11451276, -0.008627633, 0.82115)
bones/17/scale = Vector3(0.99999976, 1.0000006, 0.9999992)
bones/18/name = "toes.r"
bones/18/parent = 17
bones/18/rest = Transform3D(-1, 8.95137e-08, 1.0213958e-07, -1.1394949e-08, 0.6941041, -0.7198751, -1.3533413e-07, -0.71987, -0.694109, 2.1323326e-10, 0.16565003, 5.1714e-09)
bones/18/enabled = true
bones/18/position = Vector3(2.1323326e-10, 0.16565003, 5.1714e-09)
bones/18/rotation = Quaternion(-8.934892e-05, 0.9202217, -0.3913977, 2.0290998e-05)
bones/18/scale = Vector3(1.0000002, 0.9999979, 1.0000024)
bones/19/name = "upperleg.l"
bones/19/parent = 1
bones/19/rest = Transform3D(1, -1.4221531e-07, -2.6560238e-08, -1.4305222e-07, -0.9993962, -0.034741182, -2.160345e-08, 0.034741133, -0.9993976, 0.17094506, 0.11358726, 1.3923272e-08)
bones/19/enabled = true
bones/19/position = Vector3(0.17094508, 0.1135872, 1.5994095e-08)
bones/19/rotation = Quaternion(0.9923529, 0.058147535, 0.07043114, 0.08303041)
bones/19/scale = Vector3(0.9999999, 0.9999997, 1.0000008)
bones/20/name = "lowerleg.l"
bones/20/parent = 19
bones/20/rest = Transform3D(1, 1.61291e-07, 1.2085519e-07, -1.3212053e-07, 0.9774329, -0.21124826, -1.522002e-07, 0.21124834, 0.97743255, 3.5797574e-09, 0.2270775, -6.140325e-09)
bones/20/enabled = true
bones/20/position = Vector3(3.5797574e-09, 0.2270775, -6.140325e-09)
bones/20/rotation = Quaternion(0.2629205, 6.5087576e-08, -1.7385344e-07, 0.9648175)
bones/20/scale = Vector3(1.0000004, 0.99999994, 1.0000001)
bones/21/name = "foot.l"
bones/21/parent = 20
bones/21/rest = Transform3D(1, 4.6432284e-08, 6.012426e-08, -7.592727e-08, 0.5855154, 0.8106606, 2.437142e-09, -0.81066227, 0.5855142, 1.8339347e-10, 0.14943703, 9.658738e-10)
bones/21/enabled = true
bones/21/position = Vector3(1.8339347e-10, 0.14943703, 9.658738e-10)
bones/21/rotation = Quaternion(-0.5301546, -0.11437367, 0.0418054, 0.8391109)
bones/21/scale = Vector3(1.0000004, 1.0000007, 0.9999993)
bones/22/name = "toes.l"
bones/22/parent = 21
bones/22/rest = Transform3D(-1, 1.332896e-07, 6.9433895e-08, 4.2534122e-08, 0.6941041, -0.7198751, -1.4414616e-07, -0.71987, -0.694109, -1.5114397e-08, 0.16565003, 5.171392e-09)
bones/22/enabled = true
bones/22/position = Vector3(-1.5114397e-08, 0.16565003, 5.171392e-09)
bones/22/rotation = Quaternion(1.5364014e-05, 0.92026025, -0.39130703, -3.4204522e-06)
bones/22/scale = Vector3(1.0000001, 0.9999975, 1.0000027)

[node name="HandAttach_R" type="BoneAttachment3D" parent="Rig_Medium/Skeleton3D" unique_id=230755064]
transform = Transform3D(0.26286313, 9.23872e-07, -0.96483314, 0, -0.9999986, 2.9802322e-07, -0.96483237, -5.662441e-07, -0.2628631, -0.47960967, 0.6317219, 0.06649494)
bone_name = "hand.r"
bone_idx = 12

[node name="EquippedToolRight" type="Node3D" parent="Rig_Medium/Skeleton3D/HandAttach_R" unique_id=815459925]
transform = Transform3D(0.4, 0, 0, 0, 0.4, 0, 0, 0, 0.4, 0.02, 0.08, -0.02)

[node name="Hatchet_Basic" parent="Rig_Medium/Skeleton3D/HandAttach_R/EquippedToolRight" unique_id=1667268177 instance=ExtResource("2_vi1d6")]
transform = Transform3D(0.3373217, -2.4001667, 0.61271966, -2.4756756, -0.34793323, -1.4901161e-08, 0.08527414, -0.6067567, -2.4237535, -0.14686882, -0.0038645267, 0.035702467)
visible = false

[node name="Hatchet_Bronze" parent="Rig_Medium/Skeleton3D/HandAttach_R/EquippedToolRight" unique_id=1225444698 instance=ExtResource("3_kj756")]
transform = Transform3D(0.0058036745, -0.9998306, 0.017464586, -0.99097526, -0.008089304, -0.13380475, 0.1339233, -0.016530514, -0.99085355, -0.17256379, -0.08761716, -0.14230514)
visible = false

[node name="Pickaxe_Basic" parent="Rig_Medium/Skeleton3D/HandAttach_R/EquippedToolRight" unique_id=1211719090 instance=ExtResource("4_vi1d6")]
transform = Transform3D(-0.20902401, -1.9842654, -0.0052628913, -1.5732234, 0.23935395, -0.6268017, 0.5197879, -0.07349513, -1.8992349, -0.049999833, 0.037499785, 0.05000031)
visible = false

[node name="Pickaxe_Bronze" parent="Rig_Medium/Skeleton3D/HandAttach_R/EquippedToolRight" unique_id=1567564236 instance=ExtResource("5_mhell")]
transform = Transform3D(-0.209024, -1.9842654, -0.005262891, -1.5732232, 0.23935394, -0.6268018, 0.5197879, -0.073495135, -1.8992348, -0.049999833, 0.037499785, 0.05000031)
visible = false

[node name="Fishing_Pole" parent="Rig_Medium/Skeleton3D/HandAttach_R/EquippedToolRight" unique_id=245412400 instance=ExtResource("6_633uw")]
transform = Transform3D(0.45563015, -1.5399227, -1.1920733, 0.094936974, -1.2052463, 1.5932258, -1.945093, -0.4195468, -0.20147549, -0.00011610985, 0.17547023, -3.0994415e-05)

[node name="Tool_Hammer" parent="Rig_Medium/Skeleton3D/HandAttach_R/EquippedToolRight" unique_id=632950477 instance=ExtResource("7_hcn84")]
transform = Transform3D(0.537993, -1.6839651, -0.33885837, 1.699169, 0.46967798, 0.36363167, -0.2517715, -0.42856053, 1.7300135, -0.037598073, 0.04066062, -0.010243058)
visible = false

[node name="EquippedWeaponRight" type="Node3D" parent="Rig_Medium/Skeleton3D/HandAttach_R" unique_id=2015968848]
transform = Transform3D(0.4, 0, 0, 0, 0.4, 0, 0, 0, 0.4, 0.02, 0.08, -0.02)

[node name="Dagger_Bronze" parent="Rig_Medium/Skeleton3D/HandAttach_R/EquippedWeaponRight" unique_id=776132837 instance=ExtResource("8_5l5lm")]
transform = Transform3D(0.18716323, -1.2218914, -0.18561013, 0.59846175, -0.074648, 1.0948857, -1.0813476, -0.25280216, 0.5738264, -0.21319687, 0.076958895, 0.011393905)
visible = false

[node name="Bronze1hSword" parent="Rig_Medium/Skeleton3D/HandAttach_R/EquippedWeaponRight" unique_id=2036000580 instance=ExtResource("9_tmpau")]
transform = Transform3D(-0.061425984, -1.9185419, -0.56162536, 1.9185438, -0.21443704, 0.5226936, -0.5616213, -0.52269804, 1.8469889, -0.12925005, 0.02533102, 0.041024923)
visible = false

[node name="HandAttach_L" type="BoneAttachment3D" parent="Rig_Medium/Skeleton3D" unique_id=1498365635]
transform = Transform3D(0.26286316, -2.9802322e-07, 0.9648331, -2.0861626e-07, -0.99999905, 5.066395e-07, 0.9648325, -7.1525574e-07, -0.26286328, 0.48096094, 0.6344771, 0.07156995)
bone_name = "hand.l"
bone_idx = 7

[node name="EquippedToolLeft" type="Node3D" parent="Rig_Medium/Skeleton3D/HandAttach_L" unique_id=623155603]

[node name="Torch" parent="Rig_Medium/Skeleton3D/HandAttach_L/EquippedToolLeft" unique_id=1765022816 instance=ExtResource("10_lfxo5")]
transform = Transform3D(-0.12826097, 0.9429004, 0.30738866, -0.942901, -0.21200708, 0.25688747, 0.30738795, -0.25688833, 0.9162539, 1.1920929e-07, 0.13116366, -1.4901161e-07)

[node name="Tool_Chisel" parent="Rig_Medium/Skeleton3D/HandAttach_L/EquippedToolLeft" unique_id=959245639 instance=ExtResource("11_udusj")]
transform = Transform3D(-0.09468653, 0.38777915, 0.025720416, -0.14776638, -0.011437908, -0.3715298, -0.35944316, -0.097449124, 0.14595965, 0.07199395, 0.12131399, -0.0056768954)

[node name="Tool_Tacklebox" parent="Rig_Medium/Skeleton3D/HandAttach_L/EquippedToolLeft" unique_id=855795433 instance=ExtResource("12_2wxdn")]
transform = Transform3D(-0.7263117, -0.036616087, 0.18338838, 0.05568116, -0.74446815, 0.07188239, 0.17852645, 0.08322702, 0.7236722, 0.03202921, 0.46533555, 0.011936009)
visible = false

[node name="EquippedWeaponLeft" type="Node3D" parent="Rig_Medium/Skeleton3D/HandAttach_L" unique_id=1750386448]

[node name="Head_Slot" type="BoneAttachment3D" parent="Rig_Medium/Skeleton3D" unique_id=2057612448]
transform = Transform3D(0.9997204, -1.3969839e-09, 0.02364657, 7.039006e-05, 0.99999547, -0.0029758648, -0.023646463, 0.0029766955, 0.99971604, -4.296505e-09, 1.2278123, 0.0027031973)
bone_name = "head"
bone_idx = 14

[node name="Chest_Slot" type="BoneAttachment3D" parent="Rig_Medium/Skeleton3D" unique_id=1934883345]
transform = Transform3D(0.9962749, -5.122274e-09, 0.08623533, 0.00086724496, 0.99994934, -0.010019203, -0.08623097, 0.010056666, 0.9962245, -2.9196552e-09, 0.9590293, 1.0685902e-15)
bone_name = "chest"
bone_idx = 3

[node name="Legs_Slot" type="BoneAttachment3D" parent="Rig_Medium/Skeleton3D" unique_id=1576867728]
transform = Transform3D(0.99627477, -5.149617e-09, 0.08623531, 5.130434e-09, 1, 4.4407697e-10, -0.08623531, 1.8938981e-15, 0.99627477, 0, 0.39206383, 0)
bone_name = "hips"
bone_idx = 1

[node name="Back_Slot" type="BoneAttachment3D" parent="Rig_Medium/Skeleton3D" unique_id=1073685197]
transform = Transform3D(0.9962749, -5.122274e-09, 0.08623533, 0.00086724496, 0.99994934, -0.010019203, -0.08623097, 0.010056666, 0.9962245, -2.9196552e-09, 0.9590293, 1.0685902e-15)
bone_name = "chest"
bone_idx = 3

[node name="Ranger_Head" parent="Rig_Medium" unique_id=1083427212 instance=ExtResource("4_vl2hm")]
visible = false
material_override = SubResource("StandardMaterial3D_gq86d")
skeleton = NodePath("../Skeleton3D")

[node name="Mage_Head_F_Red" parent="Rig_Medium" unique_id=1984480808 instance=ExtResource("4_swqeb")]
visible = false
material_override = SubResource("StandardMaterial3D_8cj2k")
skeleton = NodePath("../Skeleton3D")

[node name="Head_M-W_01_R" parent="Rig_Medium" unique_id=1892883517 instance=ExtResource("4_k8f6t")]
material_override = SubResource("StandardMaterial3D_swqeb")
skeleton = NodePath("../Skeleton3D")

[node name="Base_ArmLeft" parent="Rig_Medium" unique_id=1248779387 instance=ExtResource("1_q1tpy")]
skeleton = NodePath("../Skeleton3D")

[node name="Base_ArmRight" parent="Rig_Medium" unique_id=17494229 instance=ExtResource("2_spp4w")]
skeleton = NodePath("../Skeleton3D")

[node name="Base_Body" parent="Rig_Medium" unique_id=692757183 instance=ExtResource("3_vl2hm")]
skeleton = NodePath("../Skeleton3D")

[node name="Base_LegLeft" parent="Rig_Medium" unique_id=510793509 instance=ExtResource("5_swqeb")]
transform = Transform3D(1, 0, 0, 0, 1, 0, 0, 0, 1, 0, 0, 0)
skeleton = NodePath("../Skeleton3D")

[node name="Base_LegRight" parent="Rig_Medium" unique_id=1358135811 instance=ExtResource("6_gq86d")]
transform = Transform3D(1, 0, 0, 0, 1, 0, 0, 0, 1, 0, 0, 0)
skeleton = NodePath("../Skeleton3D")

[node name="AnimationPlayer" type="AnimationPlayer" parent="." unique_id=357986785]
libraries/Base = SubResource("AnimationLibrary_b0b0v")
