[gd_scene format=3 uid="uid://c4e26ayvivfoj"]

[ext_resource type="Script" uid="uid://d2yp2dq4bxkpx" path="res://entities/characters/base_character/base_character.gd" id="1_k8f6t"]
[ext_resource type="PackedScene" uid="uid://c7bum8q1w6sal" path="res://entities/characters/base_character/armL_default.tscn" id="1_q1tpy"]
[ext_resource type="PackedScene" uid="uid://cv1o84ye1kgjc" path="res://entities/characters/base_character/armR_default.tscn" id="2_spp4w"]
[ext_resource type="PackedScene" uid="uid://bxwqnpy2nj26j" path="res://entities/equipment/tools/hatchet_basic.tscn" id="2_vi1d6"]
[ext_resource type="PackedScene" uid="uid://5vxi2vbd3arf" path="res://entities/characters/base_character/body_default.tscn" id="3_vl2hm"]
[ext_resource type="PackedScene" uid="uid://bh602nm566cvu" path="res://entities/equipment/weapons/melee/1h_sword_wood.tscn" id="4_0oxa4"]
[ext_resource type="PackedScene" uid="uid://b8f0fwj213du0" path="res://entities/characters/base_character/head_default.tscn" id="4_k8f6t"]
[ext_resource type="PackedScene" uid="uid://dl8nv0b72d0dv" path="res://entities/characters/head_library/head_mage.tscn" id="4_swqeb"]
[ext_resource type="PackedScene" uid="uid://bmv4fcadnp2nq" path="res://entities/equipment/tools/pickaxe_basic.tscn" id="4_vi1d6"]
[ext_resource type="PackedScene" uid="uid://bf5pwm3v17uv2" path="res://entities/characters/head_library/head_ranger.tscn" id="4_vl2hm"]
[ext_resource type="PackedScene" uid="uid://cptu7k6tthp5l" path="res://entities/characters/base_character/legL_default.tscn" id="5_swqeb"]
[ext_resource type="PackedScene" uid="uid://3qh650bksi38" path="res://entities/characters/base_character/legR_default.tscn" id="6_gq86d"]
[ext_resource type="Texture2D" uid="uid://n4s811wr2nhy" path="res://assets/kaykit/characters/raw/Engineer_engineer_texture.png" id="7_k8f6t"]
[ext_resource type="Animation" uid="uid://shplmx2jg2pf" path="res://assets/animations/rig_medium/movement/Jump_Idle.res" id="11_ey55c"]
[ext_resource type="Animation" uid="uid://c1ppoxn7spxqu" path="res://assets/animations/rig_medium/movement/T-Pose.res" id="12_upkct"]
[ext_resource type="Animation" uid="uid://cflhjeqn0pbxu" path="res://assets/animations/rig_medium/movement/Walking_B.res" id="13_jxcl3"]
[ext_resource type="Animation" uid="uid://d3o4ksbp01vk4" path="res://assets/animations/rig_medium/movement/Running_A.res" id="13_run_a"]
[ext_resource type="Animation" uid="uid://dygrxw05ywtf4" path="res://assets/animations/rig_medium/tools/Chopping.res" id="14_0oxa4"]
[ext_resource type="Animation" uid="uid://cxfyxr5v0c2sk" path="res://assets/animations/rig_medium/general/Idle_A.res" id="14_idle"]
[ext_resource type="Animation" uid="uid://cv4sp6esrkaa1" path="res://assets/animations/rig_medium/general/Interact.res" id="17_interact"]
[ext_resource type="Animation" uid="uid://m5s1tiavkv7n" path="res://assets/animations/rig_medium/general/PickUp.res" id="18_pickup"]
[ext_resource type="Animation" uid="uid://b6gl3sn4jmmhh" path="res://assets/animations/rig_medium/tools/Pickaxing.res" id="19_nwtlr"]
[ext_resource type="Animation" uid="uid://bp2kdimdsfno6" path="res://assets/animations/rig_medium/general/Use_Item.res" id="19_useitem"]

[sub_resource type="StandardMaterial3D" id="StandardMaterial3D_gq86d"]
albedo_texture = ExtResource("7_k8f6t")

[sub_resource type="StandardMaterial3D" id="StandardMaterial3D_8cj2k"]
albedo_texture = ExtResource("7_k8f6t")

[sub_resource type="StandardMaterial3D" id="StandardMaterial3D_swqeb"]
albedo_texture = ExtResource("7_k8f6t")

[sub_resource type="AnimationLibrary" id="AnimationLibrary_b0b0v"]
_data = {
&"Chop": ExtResource("14_0oxa4"),
&"Idle_A": ExtResource("14_idle"),
&"Interact": ExtResource("17_interact"),
&"Jump_Idle": ExtResource("11_ey55c"),
&"PickUp": ExtResource("18_pickup"),
&"Pickaxe": ExtResource("19_nwtlr"),
&"Running_A": ExtResource("13_run_a"),
&"T-Pose": ExtResource("12_upkct"),
&"Use_Item": ExtResource("19_useitem"),
&"Walking_B": ExtResource("13_jxcl3")
}

[node name="BaseCharacter" type="Node3D" unique_id=903195594]
script = ExtResource("1_k8f6t")

[node name="Rig_Medium" type="Node3D" parent="." unique_id=1591331848]

[node name="Skeleton3D" type="Skeleton3D" parent="Rig_Medium" unique_id=866997261]
bones/0/name = "root"
bones/0/parent = -1
bones/0/rest = Transform3D(1, 0, 2.3841855e-07, 0, 1, 0, -2.3841855e-07, 0, 1, 0, 0, 0)
bones/0/enabled = true
bones/0/position = Vector3(0, 0, 0)
bones/0/rotation = Quaternion(0, 1.19209275e-07, 0, 1)
bones/0/scale = Vector3(1, 1, 1)
bones/1/name = "hips"
bones/1/parent = 0
bones/1/rest = Transform3D(1, 0, -2.3841855e-07, 0, 1, 0, 2.3841855e-07, 0, 1, 0, 0.40566343, 0)
bones/1/enabled = true
bones/1/position = Vector3(0, 0.39206383, 0)
bones/1/rotation = Quaternion(0.0014357354, 0.043063417, -0.058162827, 0.99737686)
bones/1/scale = Vector3(1, 1, 1)
bones/2/name = "spine"
bones/2/parent = 1
bones/2/rest = Transform3D(1, 0, 1.4210855e-14, 0, 1, 0, -1.4210855e-14, 0, 1, 0, 0.1919775, 0)
bones/2/enabled = true
bones/2/position = Vector3(0, 0.1919775, 0)
bones/2/rotation = Quaternion(-0.044691, 0.0013379299, -0.02939594, 0.9985674)
bones/2/scale = Vector3(1, 1, 1)
bones/3/name = "chest"
bones/3/parent = 2
bones/3/rest = Transform3D(1, 0, -1.6940659e-21, 0, 0.99999994, 0, 1.6940659e-21, 0, 1, 0, 0.37498796, 0)
bones/3/enabled = true
bones/3/position = Vector3(0, 0.37498796, 0)
bones/3/rotation = Quaternion(-0.15781942, -0.033710215, -0.024821132, 0.98658025)
bones/3/scale = Vector3(1, 0.99999994, 1)
bones/4/name = "upperarm.l"
bones/4/parent = 3
bones/4/rest = Transform3D(0.057284202, 0.9983573, -4.5386042e-07, -3.8742996e-07, 4.768369e-07, 0.99999976, 0.9983573, -0.057284202, 4.1410917e-07, 0.21200737, 0.13413215, 8.402462e-08)
bones/4/enabled = true
bones/4/position = Vector3(0.21200737, 0.13413215, 8.402462e-08)
bones/4/rotation = Quaternion(-0.4531408, 0.009087465, -0.5970928, 0.6618619)
bones/4/scale = Vector3(0.99999934, 0.99999934, 0.99999976)
bones/5/name = "lowerarm.l"
bones/5/parent = 4
bones/5/rest = Transform3D(0.99388725, 0.11040192, -1.2453701e-07, -0.110401966, 0.9938869, 3.9025445e-09, 1.2420661e-07, 9.87044e-09, 0.99999994, -3.2196643e-09, 0.2418973, -1.1940561e-07)
bones/5/enabled = true
bones/5/position = Vector3(-3.2196643e-09, 0.2418973, -1.1940561e-07)
bones/5/rotation = Quaternion(2.7379174e-08, -8.556164e-08, -0.6466171, 0.7628147)
bones/5/scale = Vector3(1.0000002, 0.9999999, 0.99999994)
bones/6/name = "wrist.l"
bones/6/parent = 5
bones/6/rest = Transform3D(0.99857867, -0.053297248, -6.125374e-10, 0.053297248, 0.99857867, -1.1874038e-10, 6.179954e-10, 8.5925066e-11, 0.99999994, 7.426282e-09, 0.26004383, 6.127964e-11)
bones/6/enabled = true
bones/6/position = Vector3(7.426282e-09, 0.26004383, 6.127964e-11)
bones/6/rotation = Quaternion(1.514567e-08, -7.3584383e-09, 0.0266581, 0.99964464)
bones/6/scale = Vector3(1.0000001, 1, 1)
bones/7/name = "hand.l"
bones/7/parent = 6
bones/7/rest = Transform3D(1, 1.091039e-05, 2.7178578e-07, -1.0910391e-05, 0.99999994, -2.40181e-09, -2.7178584e-07, 2.398845e-09, 0.99999994, 9.054979e-13, 0.073825836, -2.220446e-16)
bones/7/enabled = true
bones/7/position = Vector3(9.054979e-13, 0.073825836, -2.220446e-16)
bones/7/rotation = Quaternion(-0.06996229, -0.46683845, 0.057748508, 0.87967736)
bones/7/scale = Vector3(1, 0.99999994, 0.99999994)
bones/8/name = "handslot.l"
bones/8/parent = 7
bones/8/rest = Transform3D(-1.1920929e-07, 1, -3.4461551e-16, -0.99999994, -1.192093e-07, -4.753489e-09, -4.753489e-09, -2.2204463e-16, 0.99999994, 5.1389204e-10, 0.09612507, -0.057500124)
bones/8/enabled = true
bones/8/position = Vector3(5.1389204e-10, 0.09612507, -0.057500124)
bones/8/rotation = Quaternion(1.5159761e-09, 6.4134686e-10, -0.7071068, 0.7071067)
bones/8/scale = Vector3(0.99999994, 1, 0.99999994)
bones/9/name = "upperarm.r"
bones/9/parent = 3
bones/9/rest = Transform3D(0.05728419, -0.99835724, 4.4361707e-07, 5.6624367e-07, 4.7683673e-07, 0.99999976, -0.99835724, -0.05728419, 5.9262936e-07, -0.21200737, 0.13413215, 8.402462e-08)
bones/9/enabled = true
bones/9/position = Vector3(-0.21200737, 0.13413215, 8.402462e-08)
bones/9/rotation = Quaternion(-0.6296294, 0.5097129, 0.41831756, 0.41081646)
bones/9/scale = Vector3(0.9999993, 0.9999993, 0.99999976)
bones/10/name = "lowerarm.r"
bones/10/parent = 9
bones/10/rest = Transform3D(0.99388725, -0.11040192, 1.2453701e-07, 0.110401966, 0.9938869, 3.9025445e-09, -1.2420661e-07, 9.87044e-09, 0.99999994, -7.1219225e-11, 0.24189733, -1.1940561e-07)
bones/10/enabled = true
bones/10/position = Vector3(-7.1219225e-11, 0.24189733, -1.1940561e-07)
bones/10/rotation = Quaternion(-1.3239735e-07, 6.5572e-08, 0.7143927, 0.699745)
bones/10/scale = Vector3(1.0000002, 0.9999999, 0.99999994)
bones/11/name = "wrist.r"
bones/11/parent = 10
bones/11/rest = Transform3D(0.99857867, 0.053297248, 6.1252675e-10, -0.053297248, 0.99857867, -1.1873953e-10, -6.1798466e-10, 8.592478e-11, 0.99999994, -7.426282e-09, 0.26004383, 6.127964e-11)
bones/11/enabled = true
bones/11/position = Vector3(-7.426282e-09, 0.26004383, 6.127964e-11)
bones/11/rotation = Quaternion(2.249753e-10, 6.8246844e-09, -0.026658092, 0.99964464)
bones/11/scale = Vector3(0.99999994, 0.99999994, 1)
bones/12/name = "hand.r"
bones/12/parent = 11
bones/12/rest = Transform3D(1, -1.091039e-05, -1.8421935e-07, 1.0910391e-05, 0.99999994, -2.4008373e-09, 1.8421939e-07, 2.3988274e-09, 0.99999994, 3.996803e-15, 0.073825836, -2.220446e-16)
bones/12/enabled = true
bones/12/position = Vector3(3.996803e-15, 0.073825836, -2.220446e-16)
bones/12/rotation = Quaternion(0.033780508, 0.72502786, 0.027513795, 0.68734014)
bones/12/scale = Vector3(1, 0.99999994, 0.99999994)
bones/13/name = "handslot.r"
bones/13/parent = 12
bones/13/rest = Transform3D(-1.1920929e-07, -1, 3.4460874e-16, 0.99999994, -1.192093e-07, -4.7534323e-09, 4.7534323e-09, -2.2204463e-16, 0.99999994, -5.1389204e-10, 0.09612507, -0.057500124)
bones/13/enabled = true
bones/13/position = Vector3(-0.0017060649, 0.098976135, -0.017630368)
bones/13/rotation = Quaternion(1.6805924e-09, -2.3391369e-09, 0.7071068, 0.7071067)
bones/13/scale = Vector3(0.99999994, 1, 0.99999994)
bones/14/name = "head"
bones/14/parent = 3
bones/14/rest = Transform3D(1, 0, 8.4703295e-22, 0, 1, 0, -8.4703295e-22, 0, 1, 0, 0.26879656, 0)
bones/14/enabled = true
bones/14/position = Vector3(0, 0.26879656, 0)
bones/14/rotation = Quaternion(0.07673498, -0.043937206, 0.034794033, 0.9954751)
bones/14/scale = Vector3(1, 1, 1)
bones/15/name = "upperleg.r"
bones/15/parent = 1
bones/15/rest = Transform3D(1, 1.496114e-07, -6.08626e-08, 1.4740667e-07, -0.9993962, -0.034741182, -6.6023446e-08, 0.034741133, -0.9993976, -0.17094506, 0.11358726, 1.3923272e-08)
bones/15/enabled = true
bones/15/position = Vector3(-0.17094506, 0.11358726, 1.3923272e-08)
bones/15/rotation = Quaternion(0.9942329, 0.018989008, 0.043910373, 0.09598111)
bones/15/scale = Vector3(1, 0.9999998, 1.0000012)
bones/16/name = "lowerleg.r"
bones/16/parent = 15
bones/16/rest = Transform3D(1, -1.61291e-07, -1.2085522e-07, 1.3212053e-07, 0.9774329, -0.21124826, 1.5220023e-07, 0.21124834, 0.97743255, -3.5797574e-09, 0.2270775, -6.140325e-09)
bones/16/enabled = true
bones/16/position = Vector3(-3.5797574e-09, 0.2270775, -6.140325e-09)
bones/16/rotation = Quaternion(0.3222346, -5.9581716e-08, 2.0901068e-07, 0.9466599)
bones/16/scale = Vector3(1, 1.0000005, 1.0000001)
bones/17/name = "foot.r"
bones/17/parent = 16
bones/17/rest = Transform3D(1, -1.5513058e-07, 2.935212e-07, -1.4711547e-07, 0.5855154, 0.8106606, -2.9761958e-07, -0.81066227, 0.5855142, -1.8339222e-10, 0.14943703, 9.658786e-10)
bones/17/enabled = true
bones/17/position = Vector3(-1.8339222e-10, 0.14943703, 9.658786e-10)
bones/17/rotation = Quaternion(-0.5192781, 0.10143284, -0.026033424, 0.848165)
bones/17/scale = Vector3(1, 1.0000008, 0.99999875)
bones/18/name = "toes.r"
bones/18/parent = 17
bones/18/rest = Transform3D(-1, 8.95137e-08, 1.0213958e-07, -1.1394949e-08, 0.6941041, -0.7198751, -1.3533413e-07, -0.71987, -0.694109, 2.1323326e-10, 0.16565003, 5.1714e-09)
bones/18/enabled = true
bones/18/position = Vector3(2.1323326e-10, 0.16565003, 5.1714e-09)
bones/18/rotation = Quaternion(-4.3542026e-05, 0.92027426, -0.39127406, 9.932341e-06)
bones/18/scale = Vector3(1, 0.9999966, 1.0000037)
bones/19/name = "upperleg.l"
bones/19/parent = 1
bones/19/rest = Transform3D(1, -1.4221531e-07, -2.6560238e-08, -1.4305222e-07, -0.9993962, -0.034741182, -2.160345e-08, 0.034741133, -0.9993976, 0.17094506, 0.11358726, 1.3923272e-08)
bones/19/enabled = true
bones/19/position = Vector3(0.17094506, 0.11358726, 1.3923272e-08)
bones/19/rotation = Quaternion(0.9858148, 0.16675735, 0.0043051317, -0.018514324)
bones/19/scale = Vector3(1, 0.9999998, 1.0000012)
bones/20/name = "lowerleg.l"
bones/20/parent = 19
bones/20/rest = Transform3D(1, 1.61291e-07, 1.2085519e-07, -1.3212053e-07, 0.9774329, -0.21124826, -1.522002e-07, 0.21124834, 0.97743255, 3.5797574e-09, 0.2270775, -6.140325e-09)
bones/20/enabled = true
bones/20/position = Vector3(3.5797574e-09, 0.2270775, -6.140325e-09)
bones/20/rotation = Quaternion(0.28476194, 6.3521725e-08, -1.9066374e-07, 0.95859826)
bones/20/scale = Vector3(1, 1.0000005, 1.0000001)
bones/21/name = "foot.l"
bones/21/parent = 20
bones/21/rest = Transform3D(1, 4.6432284e-08, 6.012426e-08, -7.592727e-08, 0.5855154, 0.8106606, 2.437142e-09, -0.81066227, 0.5855142, 1.8339347e-10, 0.14943703, 9.658738e-10)
bones/21/enabled = true
bones/21/position = Vector3(1.8339347e-10, 0.14943703, 9.658738e-10)
bones/21/rotation = Quaternion(-0.62352043, -0.11698407, 0.10024011, 0.7664783)
bones/21/scale = Vector3(1, 1.0000008, 0.99999875)
bones/22/name = "toes.l"
bones/22/parent = 21
bones/22/rest = Transform3D(-1, 1.332896e-07, 6.9433895e-08, 4.2534122e-08, 0.6941041, -0.7198751, -1.4414616e-07, -0.71987, -0.694109, -1.5114397e-08, 0.16565003, 5.171392e-09)
bones/22/enabled = true
bones/22/position = Vector3(-1.5114397e-08, 0.16565003, 5.171392e-09)
bones/22/rotation = Quaternion(-0.00016807526, 0.9201392, -0.39159152, 3.819941e-05)
bones/22/scale = Vector3(1, 0.9999966, 1.0000037)

[node name="HandAttach_R" type="BoneAttachment3D" parent="Rig_Medium/Skeleton3D" unique_id=230755064]
transform = Transform3D(0.0109246895, -0.027606655, -0.9995587, -0.68412346, 0.72884274, -0.027606912, 0.7292841, 0.684123, -0.010923974, -0.3327802, 1.3459526, 0.15588894)
bone_name = "hand.r"
bone_idx = 12

[node name="EquippedToolRight" type="Node3D" parent="Rig_Medium/Skeleton3D/HandAttach_R" unique_id=815459925]
transform = Transform3D(0.4, 0, 0, 0, 0.4, 0, 0, 0, 0.4, 0.02, 0.08, -0.02)

[node name="Hatchet_Basic" parent="Rig_Medium/Skeleton3D/HandAttach_R/EquippedToolRight" unique_id=1667268177 instance=ExtResource("2_vi1d6")]
transform = Transform3D(0.3373217, -2.4001667, 0.61271966, -2.4756756, -0.34793323, -1.4901161e-08, 0.08527414, -0.6067567, -2.4237535, -0.14686882, -0.0038645267, 0.035702467)

[node name="Pickaxe_Basic" parent="Rig_Medium/Skeleton3D/HandAttach_R/EquippedToolRight" unique_id=1211719090 instance=ExtResource("4_vi1d6")]
transform = Transform3D(-0.20902401, -1.9842654, -0.0052628913, -1.5732234, 0.23935395, -0.6268017, 0.5197879, -0.07349513, -1.8992349, -0.049999833, 0.037499785, 0.05000031)
visible = false

[node name="EquippedWeaponRight" type="Node3D" parent="Rig_Medium/Skeleton3D/HandAttach_R" unique_id=2015968848]
transform = Transform3D(0.4, 0, 0, 0, 0.4, 0, 0, 0, 0.4, 0.02, 0.08, -0.02)

[node name="Sword_1h_Wooden" parent="Rig_Medium/Skeleton3D/HandAttach_R/EquippedWeaponRight" unique_id=1687718253 instance=ExtResource("4_0oxa4")]
transform = Transform3D(0.091952965, -2.4732785, -0.11316204, 0.9941071, 0.21163447, 0.067709416, -0.057406016, -0.29680344, 0.991267, -0.050899148, 0.021958709, 0.000983119)
visible = false

[node name="HandAttach_L" type="BoneAttachment3D" parent="Rig_Medium/Skeleton3D" unique_id=1498365635]
transform = Transform3D(0.27365467, 0.2184301, 0.9366966, 0.62492317, -0.7806852, -0.000520736, 0.73115206, 0.5855058, -0.35014033, 0.58277535, 0.6876532, 0.017115712)
bone_name = "hand.l"
bone_idx = 7

[node name="Head_Slot" type="BoneAttachment3D" parent="Rig_Medium/Skeleton3D" unique_id=2057612448]
transform = Transform3D(0.992441, 0.121003, -0.02047763, -0.11133959, 0.9579421, 0.26448098, 0.051619396, -0.26020175, 0.96417344, 0.1340702, 1.1916629, -0.1449444)
bone_name = "head"
bone_idx = 14

[node name="Chest_Slot" type="BoneAttachment3D" parent="Rig_Medium/Skeleton3D" unique_id=1934883345]
transform = Transform3D(0.97869, 0.1845336, 0.09007393, -0.20518292, 0.8961646, 0.3934322, -0.008119598, -0.40352976, 0.91493046, 0.0844682, 0.95077693, -0.036476977)
bone_name = "chest"
bone_idx = 3

[node name="Legs_Slot" type="BoneAttachment3D" parent="Rig_Medium/Skeleton3D" unique_id=1576867728]
transform = Transform3D(0.98952526, 0.11614417, 0.08573414, -0.11589686, 0.99323004, -0.007873319, -0.08606816, -0.0021454694, 0.996287, 0, 0.39206383, 0)
bone_name = "hips"
bone_idx = 1

[node name="Back_Slot" type="BoneAttachment3D" parent="Rig_Medium/Skeleton3D" unique_id=1073685197]
transform = Transform3D(0.97869, 0.1845336, 0.09007393, -0.20518292, 0.8961646, 0.3934322, -0.008119598, -0.40352976, 0.91493046, 0.0844682, 0.95077693, -0.036476977)
bone_name = "chest"
bone_idx = 3

[node name="Ranger_Head" parent="Rig_Medium" unique_id=1083427212 instance=ExtResource("4_vl2hm")]
visible = false
material_override = SubResource("StandardMaterial3D_gq86d")
skeleton = NodePath("../Skeleton3D")

[node name="Mage_Head_F_Red" parent="Rig_Medium" unique_id=1984480808 instance=ExtResource("4_swqeb")]
visible = false
material_override = SubResource("StandardMaterial3D_8cj2k")
skeleton = NodePath("../Skeleton3D")

[node name="Head_M-W_01_R" parent="Rig_Medium" unique_id=1892883517 instance=ExtResource("4_k8f6t")]
material_override = SubResource("StandardMaterial3D_swqeb")
skeleton = NodePath("../Skeleton3D")

[node name="Base_ArmLeft" parent="Rig_Medium" unique_id=1248779387 instance=ExtResource("1_q1tpy")]
skeleton = NodePath("../Skeleton3D")

[node name="Base_ArmRight" parent="Rig_Medium" unique_id=17494229 instance=ExtResource("2_spp4w")]
skeleton = NodePath("../Skeleton3D")

[node name="Base_Body" parent="Rig_Medium" unique_id=692757183 instance=ExtResource("3_vl2hm")]
skeleton = NodePath("../Skeleton3D")

[node name="Base_LegLeft" parent="Rig_Medium" unique_id=510793509 instance=ExtResource("5_swqeb")]
transform = Transform3D(1, 0, 0, 0, 1, 0, 0, 0, 1, 0, 0, 0)
skeleton = NodePath("../Skeleton3D")

[node name="Base_LegRight" parent="Rig_Medium" unique_id=1358135811 instance=ExtResource("6_gq86d")]
transform = Transform3D(1, 0, 0, 0, 1, 0, 0, 0, 1, 0, 0, 0)
skeleton = NodePath("../Skeleton3D")

[node name="AnimationPlayer" type="AnimationPlayer" parent="." unique_id=357986785]
libraries/Base = SubResource("AnimationLibrary_b0b0v")
