[gd_scene format=3 uid="uid://cj88e5jeos7lm"]

[ext_resource type="PackedScene" uid="uid://cgxgvqxmqo225" path="res://entities/characters/player/player.tscn" id="1_player"]
[ext_resource type="PackedScene" uid="uid://cf750db6v0jph" path="res://entities/props/static/copper_bar.tscn" id="3_gb3ee"]
[ext_resource type="PackedScene" uid="uid://d0akejah1t7y6" path="res://world/regions/tutorial_isle/tutorial_isle_gear.tscn" id="4_dbqg5"]
[ext_resource type="PackedScene" uid="uid://gd7iq0e8543w" path="res://entities/resource/resource_pickup_ingot_tin.tscn" id="4_r0t1d"]
[ext_resource type="PackedScene" uid="uid://b31arwal73ifg" path="res://entities/props/static/copper_nuggets.tscn" id="5_v8n0v"]
[ext_resource type="PackedScene" uid="uid://bcaukdul404il" path="res://entities/resource/resource_pickup_ore_tin.tscn" id="6_3nag6"]
[ext_resource type="PackedScene" uid="uid://ccqrd3tma4c13" path="res://entities/props/static/iron_bar.tscn" id="7_ado1i"]
[ext_resource type="PackedScene" uid="uid://dbd6etcm4mjt5" path="res://world/pickups/fishing_worm_pickup.tscn" id="8_0jevs"]
[ext_resource type="PackedScene" uid="uid://bs8ahdtsyglpe" path="res://entities/props/static/iron_nuggets.tscn" id="8_6kivj"]
[ext_resource type="PackedScene" uid="uid://5e3s4nid00t8" path="res://entities/fishing/fishing_spot.tscn" id="8_t7t3p"]
[ext_resource type="PackedScene" uid="uid://8ul7x4sta6rf" path="res://entities/props/static/silver_bar.tscn" id="9_7spe6"]
[ext_resource type="PackedScene" uid="uid://ctwwhjmlo707u" path="res://world/pickups/fishing_bobber_pickup.tscn" id="9_q4s3i"]
[ext_resource type="PackedScene" uid="uid://w8vscph1wpmv" path="res://world/regions/tutorial_isle/tutorial_isle_buildings.tscn" id="10_gypqo"]
[ext_resource type="PackedScene" uid="uid://ddlobyuq0883t" path="res://entities/props/static/silver_nuggets.tscn" id="10_hloqf"]
[ext_resource type="PackedScene" uid="uid://bslyivr00xnme" path="res://world/pickups/fishing_hook_a_pickup.tscn" id="10_txrpn"]
[ext_resource type="PackedScene" uid="uid://bemiqtwiyc6tq" path="res://entities/resource/resource_pickup_ingot_gold.tscn" id="11_2y1ns"]
[ext_resource type="PackedScene" uid="uid://bsmyivr00xnme" path="res://world/pickups/fishing_hook_b_pickup.tscn" id="11_n5r66"]
[ext_resource type="PackedScene" uid="uid://dx26chob7rb8l" path="res://entities/resource/resource_pickup_ore_gold.tscn" id="12_5nfy5"]
[ext_resource type="PackedScene" uid="uid://b7dacipqpquux" path="res://entities/building_parts/anvil.tscn" id="12_rwr6f"]
[ext_resource type="PackedScene" uid="uid://d1irxsv7w24c7" path="res://entities/resource/stone_brick.tscn" id="13_djm32"]
[ext_resource type="PackedScene" uid="uid://cf5otocednxr4" path="res://entities/resource/stone_chunks_large.tscn" id="14_52oba"]
[ext_resource type="PackedScene" uid="uid://chf431uk5oshi" path="res://entities/resource/stone_chunks_small.tscn" id="15_ju2nh"]
[ext_resource type="PackedScene" uid="uid://blv2c22bxqknw" path="res://entities/resource/log_split_2.tscn" id="16_tite0"]
[ext_resource type="PackedScene" uid="uid://d2bdr601l23of" path="res://entities/building_parts/smelter.tscn" id="17_gja2q"]
[ext_resource type="PackedScene" uid="uid://b4t0wuc153jha" path="res://entities/building_parts/wood_log_stack.tscn" id="17_rqhkb"]
[ext_resource type="PackedScene" uid="uid://d2cl2nb7ih1bb" path="res://entities/resource/wood_plank_c_2.tscn" id="18_xljxt"]
[ext_resource type="PackedScene" uid="uid://di75elg6mtu2o" path="res://entities/resource/wood_plank_b_2.tscn" id="19_wkbyi"]
[ext_resource type="PackedScene" uid="uid://ccrs4gkpawowf" path="res://entities/resource/wood_plank_a_2.tscn" id="20_j2q78"]
[ext_resource type="PackedScene" uid="uid://d3l1kgkvcwj63" path="res://entities/building_parts/pallet_wood_large.tscn" id="21_6cpnn"]
[ext_resource type="PackedScene" uid="uid://boircg2knd0uu" path="res://entities/building_parts/pallet_wood_medium.tscn" id="22_stwqx"]
[ext_resource type="PackedScene" uid="uid://bwi448cwlxph2" path="res://entities/building_parts/pallet_wood_small.tscn" id="23_qx4jl"]
[ext_resource type="PackedScene" uid="uid://dswpukycc0q5a" path="res://entities/building_parts/pallet_stone_medium.tscn" id="24_f8g1i"]
[ext_resource type="PackedScene" uid="uid://px5gx4qbe4kb" path="res://entities/building_parts/pallet_stone_small.tscn" id="25_ua3ul"]
[ext_resource type="PackedScene" uid="uid://dt0tl1qu11fy4" path="res://entities/building_parts/pallet_stone_large.tscn" id="26_mfb88"]
[ext_resource type="PackedScene" uid="uid://bf7nf6psvau5s" path="res://entities/building_parts/building_church_red.tscn" id="33_rwr6f"]
[ext_resource type="PackedScene" uid="uid://dlu8vg27pwe28" path="res://entities/building_parts/ship_wreck.tscn" id="35_8pv40"]
[ext_resource type="PackedScene" uid="uid://d4kre64jiscmn" path="res://entities/building_parts/crate.tscn" id="36_3x6k3"]
[ext_resource type="PackedScene" uid="uid://cycycfc61gt0l" path="res://entities/building_parts/tent.tscn" id="37_ad2jt"]
[ext_resource type="PackedScene" uid="uid://fqyxxm8kit2g" path="res://entities/building_parts/campfire.tscn" id="39_mo44a"]
[ext_resource type="PackedScene" uid="uid://hjsgrguldp45" path="res://entities/building_parts/grindstone.tscn" id="42_ad2jt"]
[ext_resource type="PackedScene" uid="uid://bkhh8n46ed6bn" path="res://world/regions/tutorial_isle/dock_1.tscn" id="48_t7t3p"]
[ext_resource type="PackedScene" uid="uid://benqlw2wabm47" path="res://entities/props/skeleton_minion_prop.tscn" id="49_t7t3p"]
[ext_resource type="PackedScene" uid="uid://baqnb1njfk6hj" path="res://entities/props/food_barrel_fish.tscn" id="49_whsid"]
[ext_resource type="PackedScene" uid="uid://b8q2mtemn6kjk" path="res://entities/props/fishing_rod_base.tscn" id="50_0jevs"]
[ext_resource type="PackedScene" uid="uid://dk5db657of85g" path="res://entities/building_parts/workbench.tscn" id="54_r30qo"]
[ext_resource type="PackedScene" uid="uid://cqx0r21m71s3h" path="res://entities/building_parts/potionstation.tscn" id="55_4uh62"]
[ext_resource type="PackedScene" uid="uid://crmllt4bmwncc" path="res://world/regions/tutorial_isle/harvestables.tscn" id="60_ae4o2"]
[ext_resource type="Script" uid="uid://4xplm28he4mf" path="res://world/regions/tutorial_isle/tutorial_isle.gd" id="75_tutorial_isle_script"]
[ext_resource type="PackedScene" uid="uid://cktg8oqrcdxr3" path="res://entities/characters/animals/bull.tscn" id="animal_bull"]
[ext_resource type="PackedScene" uid="uid://c71f22kgv2gfw" path="res://entities/characters/animals/chick.tscn" id="animal_chick"]
[ext_resource type="PackedScene" uid="uid://b5a04is8xdmy8" path="res://entities/characters/animals/chicken.tscn" id="animal_chicken"]
[ext_resource type="PackedScene" uid="uid://dvxbtapk8fjfm" path="res://entities/characters/animals/cow.tscn" id="animal_cow"]
[ext_resource type="PackedScene" uid="uid://0dkvw1hncrxt" path="res://entities/characters/animals/goose.tscn" id="animal_goose"]
[ext_resource type="PackedScene" uid="uid://bltfdbn1h30ki" path="res://entities/characters/animals/horse.tscn" id="animal_horse"]
[ext_resource type="PackedScene" uid="uid://ck5jpt3seoior" path="res://entities/characters/animals/pig.tscn" id="animal_pig"]
[ext_resource type="PackedScene" uid="uid://dmjc7xfow7wa6" path="res://entities/characters/animals/rabbit.tscn" id="animal_rabbit"]
[ext_resource type="PackedScene" uid="uid://bhw1r7a8w14e8" path="res://entities/characters/animals/ram.tscn" id="animal_ram"]
[ext_resource type="PackedScene" uid="uid://exxthefxl5hh" path="res://entities/characters/animals/rooster.tscn" id="animal_rooster"]
[ext_resource type="PackedScene" uid="uid://ckakw5wih3ppy" path="res://entities/characters/animals/sheep.tscn" id="animal_sheep"]
[ext_resource type="PackedScene" uid="uid://c7wssr6af3bno" path="res://entities/characters/animals/turkey.tscn" id="animal_turkey"]
[ext_resource type="PackedScene" path="res://world/enemy_spawner.tscn" id="enemy_spawner_scene"]
[ext_resource type="Resource" path="res://data/enemies/variants/dark_knight_t1.tres" id="enemy_variant_dark_knight"]
[ext_resource type="Resource" uid="uid://dwp0npoqfw7yu" path="res://data/enemies/variants/skeleton_archer_t1.tres" id="enemy_variant_skeleton_archer"]
[ext_resource type="Resource" uid="uid://b82iui3pm0cq4" path="res://data/enemies/variants/skeleton_melee_t1.tres" id="enemy_variant_skeleton_melee"]
[ext_resource type="PackedScene" path="res://entities/characters/animals/fish_bluegill.tscn" id="fish_bluegill"]
[ext_resource type="PackedScene" path="res://entities/characters/animals/fish_carp.tscn" id="fish_carp"]
[ext_resource type="PackedScene" path="res://entities/characters/animals/fish_catfish.tscn" id="fish_catfish"]
[ext_resource type="PackedScene" path="res://entities/characters/animals/fish_drum.tscn" id="fish_drum"]
[ext_resource type="PackedScene" path="res://entities/characters/animals/fish_largemouth.tscn" id="fish_largemouth"]
[ext_resource type="PackedScene" path="res://entities/characters/animals/fish_perch.tscn" id="fish_perch"]
[ext_resource type="PackedScene" path="res://entities/characters/animals/fish_pike.tscn" id="fish_pike"]
[ext_resource type="PackedScene" path="res://entities/characters/animals/fish_roach.tscn" id="fish_roach"]
[ext_resource type="PackedScene" path="res://entities/characters/animals/fish_sturgeon.tscn" id="fish_sturgeon"]
[ext_resource type="PackedScene" path="res://entities/characters/animals/fish_trout.tscn" id="fish_trout"]
[ext_resource type="PackedScene" path="res://entities/characters/animals/fish_walleye.tscn" id="fish_walleye"]
[ext_resource type="PackedScene" uid="uid://dlwlceuuy3mu7" path="res://world/regions/tutorial_isle/tutorial_isle_environment.tscn" id="tutorial_isle_env_inst"]
[ext_resource type="Script" uid="uid://brx4w4c1b6sny" path="res://entities/characters/animals/wildlife_lod_controller.gd" id="wildlife_lod_script"]
[ext_resource type="PackedScene" path="res://world/wildlife_spawner.tscn" id="wildlife_spawner_scene"]

[node name="TutorialIsle" type="Node3D" unique_id=1741229412]
script = ExtResource("75_tutorial_isle_script")

[node name="Environment" parent="." unique_id=726792238 instance=ExtResource("tutorial_isle_env_inst")]

[node name="TutorialIsleMaterials" type="Node3D" parent="." unique_id=999000002]

[node name="Copper_Ingot" parent="TutorialIsleMaterials" unique_id=940789391 instance=ExtResource("3_gb3ee")]
transform = Transform3D(0.72662264, 0, -0.68703675, 0, 1, 0, 0.68703675, 0, 0.72662264, 201.73857, 10.551444, 375.62234)

[node name="Tin_Ingot" parent="TutorialIsleMaterials" unique_id=2091598857 instance=ExtResource("4_r0t1d")]
transform = Transform3D(0.7266226, 0, -0.6870367, 0, 1, 0, 0.6870367, 0, 0.7266226, 204.07799, 10.453113, 373.96704)

[node name="Copper_Ore" parent="TutorialIsleMaterials" unique_id=1352546698 instance=ExtResource("5_v8n0v")]
transform = Transform3D(0.8267415, 0.08816414, 0.5556311, -0.0731739, 0.99610597, -0.049178243, -0.55780315, 0, 0.8299735, 199.64758, 10.886052, 375.0992)

[node name="Tin_Ore" parent="TutorialIsleMaterials" unique_id=1571568342 instance=ExtResource("6_3nag6")]
transform = Transform3D(0.82674146, 0.08816415, 0.5556311, -0.0731739, 0.99610597, -0.049178243, -0.5578031, -3.7252903e-09, 0.8299735, 201.96109, 10.774248, 373.36627)

[node name="Iron_Ingot" parent="TutorialIsleMaterials" unique_id=778829037 instance=ExtResource("7_ado1i")]
transform = Transform3D(0.7232564, 0, -0.6905795, 0, 1, 0, 0.6905795, 0, 0.7232564, 199.87468, 10.5083685, 377.51666)

[node name="Iron_Ore" parent="TutorialIsleMaterials" unique_id=1402091565 instance=ExtResource("8_6kivj")]
transform = Transform3D(0.8174969, 0, 0.5759332, 0, 1, 0, -0.5759332, 0, 0.8174969, 199.14311, 10.611365, 376.91153)

[node name="Silver_Ingot" parent="TutorialIsleMaterials" unique_id=1703529473 instance=ExtResource("9_7spe6")]
transform = Transform3D(0.7232564, 0, -0.6905795, 0, 1, 0, 0.6905795, 0, 0.7232564, 197.70198, 10.440975, 379.5944)

[node name="Silver_Ore" parent="TutorialIsleMaterials" unique_id=1156454490 instance=ExtResource("10_hloqf")]
transform = Transform3D(0.8174969, 0, 0.5759332, 0, 1, 0, -0.5759332, 0, 0.8174969, 196.90857, 10.555809, 379.0154)

[node name="Gold_Ingot" parent="TutorialIsleMaterials" unique_id=871071412 instance=ExtResource("11_2y1ns")]
transform = Transform3D(0.7232564, 0, -0.6905795, 0, 1, 0, 0.6905795, 0, 0.7232564, 195.7233, 10.349287, 382.2438)

[node name="Gold_Nuggets" parent="TutorialIsleMaterials" unique_id=727147956 instance=ExtResource("12_5nfy5")]
transform = Transform3D(0.812928, 0, 0.5823644, 0, 1, 0, -0.5823644, 0, 0.812928, 194.93494, 10.464121, 381.66483)

[node name="Stone_Brick" parent="TutorialIsleMaterials" unique_id=1308947424 instance=ExtResource("13_djm32")]
transform = Transform3D(0.61279875, 0.06702108, -0.78739184, -0.04575255, 0.99773455, 0.04931745, 0.7889134, 0.0058035157, 0.6144769, 214.8533, 9.925252, 366.52216)

[node name="Stone_Chunks_Large" parent="TutorialIsleMaterials" unique_id=1869045021 instance=ExtResource("14_52oba")]
transform = Transform3D(-0.9846845, -0.06700142, -0.16095664, -0.06793628, 0.9976896, 0.00030565535, 0.16056429, 0.011235771, -0.9869614, 209.56691, 9.908934, 367.32327)

[node name="Stone_Chunks_Small" parent="TutorialIsleMaterials" unique_id=687906080 instance=ExtResource("15_ju2nh")]
transform = Transform3D(-0.96760637, 0.20274651, -0.15043856, 0.14171642, 0.9293342, 0.34096062, 0.2089363, 0.30859604, -0.92796236, 208.47716, 10.267285, 368.62518)

[node name="Log_Split" parent="TutorialIsleMaterials" unique_id=13394712 instance=ExtResource("16_tite0")]
transform = Transform3D(0.19719581, -0.03204532, 0.9798403, 0.4443645, -0.887978, -0.11847076, 0.8738731, 0.4587682, -0.16086596, 214.07297, 10.561078, 372.45102)

[node name="Wood_Log_Stack" parent="TutorialIsleMaterials" unique_id=555006619 instance=ExtResource("17_rqhkb")]
transform = Transform3D(0.99988186, 0, 0.015358418, 0, 1, 0, -0.015358418, 0, 0.99988186, 214.22702, 9.899187, 371.34952)

[node name="Wood_Plank_C2" parent="TutorialIsleMaterials" unique_id=2126650943 instance=ExtResource("18_xljxt")]
transform = Transform3D(0.5765307, 0.00011655316, -0.8170756, -0.02801322, 0.99941486, -0.01962363, 0.81659544, 0.034202535, 0.5761965, 217.54256, 9.930662, 374.88004)

[node name="Wood_Plank_B2" parent="TutorialIsleMaterials" unique_id=6900788 instance=ExtResource("19_wkbyi")]
transform = Transform3D(0.103681244, 0.0005396399, -0.9946105, -0.040732276, 0.99916315, -0.0037039453, 0.99377644, 0.040896762, 0.103616446, 216.86575, 9.984038, 374.3637)

[node name="Wood_Plank_A2" parent="TutorialIsleMaterials" unique_id=1902227385 instance=ExtResource("20_j2q78")]
transform = Transform3D(-0.5240321, 0.00011650285, -0.8516987, -0.046592224, 0.99849856, 0.028803796, 0.8504233, 0.054776624, -0.52324, 217.19289, 10.091052, 374.65985)

[node name="Pallet_Wood_Large" parent="TutorialIsleMaterials" unique_id=1578122623 instance=ExtResource("21_6cpnn")]
transform = Transform3D(-0.17687848, 3.4924597e-10, -0.9842328, -0.006888362, 0.9999755, 0.0012379221, 0.9842086, 0.006998713, -0.17687418, 217.83073, 9.85233, 369.41754)

[node name="Pallet_Wood_Medium" parent="TutorialIsleMaterials" unique_id=504253046 instance=ExtResource("22_stwqx")]
transform = Transform3D(-0.17687848, 3.4924597e-10, -0.9842328, -0.006888362, 0.9999755, 0.0012379221, 0.9842086, 0.006998713, -0.17687418, 217.5204, 9.839733, 371.2174)

[node name="Pallet_Wood_Small" parent="TutorialIsleMaterials" unique_id=1159929944 instance=ExtResource("23_qx4jl")]
transform = Transform3D(-0.17687848, 3.4924597e-10, -0.9842328, -0.006888362, 0.9999755, 0.0012379221, 0.9842086, 0.006998713, -0.17687418, 217.20268, 9.827723, 373.04526)

[node name="Pallet_Stone_Medium" parent="TutorialIsleMaterials" unique_id=800124436 instance=ExtResource("24_f8g1i")]
transform = Transform3D(0.6098686, -3.7252903e-09, -0.7925026, -0.044542506, 0.9984193, -0.034277588, 0.7912498, 0.056204878, 0.60890454, 212.98433, 9.991792, 364.21887)

[node name="Pallet_Stone_Small" parent="TutorialIsleMaterials" unique_id=198842677 instance=ExtResource("25_ua3ul")]
transform = Transform3D(0.6098686, -3.7252903e-09, -0.7925026, -0.044542506, 0.9984193, -0.034277588, 0.7912498, 0.056204878, 0.60890454, 214.04796, 9.916088, 365.5637)

[node name="Pallet_Stone_Large" parent="TutorialIsleMaterials" unique_id=1950926652 instance=ExtResource("26_mfb88")]
transform = Transform3D(0.6145496, -0.0030938888, -0.7888723, -0.039495263, 0.9986176, -0.034684204, 0.78788906, 0.052471865, 0.61357784, 211.91057, 10.068921, 362.84875)

[node name="TutorialIsleGear" parent="." unique_id=885021683 instance=ExtResource("4_dbqg5")]
transform = Transform3D(1, 0, 0, 0, 1, 0, 0, 0, 1, 0.86909485, -1.5258789e-05, -1.5507965)

[node name="Player" parent="." unique_id=1879451005 instance=ExtResource("1_player")]
transform = Transform3D(1, 0, 0, 0, 1, 0, 0, 0, 1, 223.44919, 9.953686, 382.90683)
day_night_controller_path = NodePath("../Environment/DayNightCycle")
stamina_drain_run = 1.0

[node name="WildlifeLod" type="Node" parent="." unique_id=230263382]
script = ExtResource("wildlife_lod_script")

[node name="EnemySpawns" type="Node3D" parent="." unique_id=1936201401]
transform = Transform3D(1, 0, 0, 0, 1, 0, 0, 0, 1, 201.56836, 10, 310.75156)

[node name="SkeletonMeleeSpawner" parent="EnemySpawns" unique_id=1391849732 instance=ExtResource("enemy_spawner_scene")]
variant_data = ExtResource("enemy_variant_skeleton_melee")
max_alive = 2
initial_spawn_count = 1

[node name="SkeletonArcherSpawner" parent="EnemySpawns" unique_id=1415506865 instance=ExtResource("enemy_spawner_scene")]
transform = Transform3D(1, 0, 0, 0, 1, 0, 0, 0, 1, 9, 0, -6)
variant_data = ExtResource("enemy_variant_skeleton_archer")
max_alive = 1
spawn_radius = 8.0
initial_spawn_count = 1

[node name="DarkKnightSpawner" parent="EnemySpawns" unique_id=1415506866 instance=ExtResource("enemy_spawner_scene")]
transform = Transform3D(1, 0, 0, 0, 1, 0, 0, 0, 1, 16, 0, -10)
variant_data = ExtResource("enemy_variant_dark_knight")
max_alive = 1
respawn_seconds = 35.0
spawn_radius = 5.0
initial_spawn_count = 1

[node name="Wildlife" type="Node3D" parent="." unique_id=2010010000]
transform = Transform3D(1, 0, 0, 0, 1, 0, 0, 0, 1, 182.27791, 14.020657, 367.78497)

[node name="ChickenSpawner" parent="Wildlife" unique_id=422012868 instance=ExtResource("wildlife_spawner_scene")]
transform = Transform3D(0.13606136, 0.008818286, -0.99066114, 0, 0.9999605, 0.008901062, 0.99070054, -0.0012110906, 0.13605598, -4.138916, -0.3848772, -6.320648)
animal_scene = ExtResource("animal_chicken")
max_alive = 1
spawn_radius = 5.0

[node name="RabbitSpawner" parent="Wildlife" unique_id=2093697695 instance=ExtResource("wildlife_spawner_scene")]
transform = Transform3D(2, 0, 0, 0, 2, 0, 0, 0, 2, -10.216019, -1.7978477, 1.6967468)
animal_scene = ExtResource("animal_rabbit")
max_alive = 1
respawn_seconds = 22.0
spawn_radius = 5.0

[node name="RoosterSpawner" parent="Wildlife" unique_id=2061071184 instance=ExtResource("wildlife_spawner_scene")]
transform = Transform3D(0.5855678, 0, 1.1043597, 0, 1.25, 0, -1.1043597, 0, 0.5855678, -7.6874695, -3.0581684, 7.576996)
animal_scene = ExtResource("animal_rooster")
max_alive = 1
respawn_seconds = 26.0
spawn_radius = 5.0
apply_facing_yaw_offset = true
facing_yaw_offset = 0.25

[node name="ChickSpawner" parent="Wildlife" unique_id=1315208479 instance=ExtResource("wildlife_spawner_scene")]
transform = Transform3D(0.20409203, 0, -1.4860506, 0, 1.5, 0, 1.4860506, 0, 0.20409203, -3.2530212, -0.6086073, -5.053253)
animal_scene = ExtResource("animal_chick")
max_alive = 1
respawn_seconds = 20.0
spawn_radius = 5.0

[node name="HorseSpawner" parent="Wildlife" unique_id=794432066 instance=ExtResource("wildlife_spawner_scene")]
transform = Transform3D(1, 0, 0, 0, 1, 0, 0, 0, 1, -11.134628, -2.6022787, 5.496338)
animal_scene = ExtResource("animal_horse")
max_alive = 1
respawn_seconds = 55.0
spawn_radius = 6.0

[node name="CowSpawner" parent="Wildlife" unique_id=339244395 instance=ExtResource("wildlife_spawner_scene")]
transform = Transform3D(0.99999994, -0.000162657, -0.00033789215, 0.0001628148, 0.9999999, 0.0004598735, 0.00033781613, -0.00045992932, 0.9999998, -11.237961, -0.889884, -2.5860596)
animal_scene = ExtResource("animal_cow")
max_alive = 1
respawn_seconds = 55.0
spawn_radius = 6.0

[node name="BullSpawner" parent="Wildlife" unique_id=673047378 instance=ExtResource("wildlife_spawner_scene")]
transform = Transform3D(1, 0, 0, 0, 1, 0, 0, 0, 1, -9.874619, -0.5206404, -4.7286377)
animal_scene = ExtResource("animal_bull")
max_alive = 1
respawn_seconds = 60.0
spawn_radius = 6.0

[node name="GooseSpawner" parent="Wildlife" unique_id=721715438 instance=ExtResource("wildlife_spawner_scene")]
transform = Transform3D(1, 0, 0, 0, 1, 0, 0, 0, 1, -5.647476, -1.223361, -0.075683594)
animal_scene = ExtResource("animal_goose")
max_alive = 1
respawn_seconds = 40.0
spawn_radius = 5.0

[node name="RamSpawner" parent="Wildlife" unique_id=526877877 instance=ExtResource("wildlife_spawner_scene")]
transform = Transform3D(1, 0, 0, 0, 1, 0, 0, 0, 1, -15.693268, 1.4432068, -13.424408)
animal_scene = ExtResource("animal_ram")
max_alive = 1
respawn_seconds = 48.0
spawn_radius = 5.0

[node name="SheepSpawner" parent="Wildlife" unique_id=2065604095 instance=ExtResource("wildlife_spawner_scene")]
transform = Transform3D(1, 0, 0, 0, 1, 0, 0, 0, 1, -15.904755, 1.4684668, -11.611084)
animal_scene = ExtResource("animal_sheep")
max_alive = 1
respawn_seconds = 45.0
spawn_radius = 5.0

[node name="TurkeySpawner" parent="Wildlife" unique_id=438324931 instance=ExtResource("wildlife_spawner_scene")]
transform = Transform3D(1, 0, 0, 0, 1, 0, 0, 0, 1, -13.934174, 0.63938713, -8.166077)
animal_scene = ExtResource("animal_turkey")
max_alive = 1
respawn_seconds = 42.0
spawn_radius = 5.0

[node name="PigSpawner" parent="Wildlife" unique_id=1119555636 instance=ExtResource("wildlife_spawner_scene")]
transform = Transform3D(1, 0, 0, 0, 1, 0, 0, 0, 1, -6.797165, -2.053937, 3.3746033)
animal_scene = ExtResource("animal_pig")
max_alive = 1
respawn_seconds = 48.0
spawn_radius = 5.0

[node name="WalleyeSpawner" parent="Wildlife" unique_id=1386688934 instance=ExtResource("wildlife_spawner_scene")]
transform = Transform3D(-0.010489196, 0, -0.999945, 0, 1, 0, 0.999945, 0, -0.010489196, -4.109482, -12.118205, 78.08804)
animal_scene = ExtResource("fish_walleye")
max_alive = 1
respawn_seconds = 38.0
spawn_radius = 2.5

[node name="TroutSpawner" parent="Wildlife" unique_id=1274225546 instance=ExtResource("wildlife_spawner_scene")]
transform = Transform3D(0.23582064, 0, 0.9717966, 0, 1, 0, -0.9717966, 0, 0.23582064, -13.810516, -11.7063675, 77.87363)
animal_scene = ExtResource("fish_trout")
max_alive = 1
respawn_seconds = 36.0
spawn_radius = 2.5

[node name="SturgeonSpawner" parent="Wildlife" unique_id=2139675325 instance=ExtResource("wildlife_spawner_scene")]
transform = Transform3D(-0.23514207, 0.028834455, 0.97153324, -8.73843e-08, -0.9995599, 0.029666245, 0.971961, 0.0069756974, 0.23503858, -8.607025, -12.442691, 80.08688)
animal_scene = ExtResource("fish_sturgeon")
max_alive = 1
respawn_seconds = 45.0
spawn_radius = 2.5

[node name="RoachSpawner" parent="Wildlife" unique_id=956649581 instance=ExtResource("wildlife_spawner_scene")]
transform = Transform3D(-0.15988122, 1.3977261e-08, -0.9871361, -8.742277e-08, -1, 0, -0.9871361, 8.629819e-08, 0.15988122, -4.242096, -11.891009, 74.28821)
animal_scene = ExtResource("fish_roach")
max_alive = 1
respawn_seconds = 32.0
spawn_radius = 2.5

[node name="PikeSpawner" parent="Wildlife" unique_id=1872764900 instance=ExtResource("wildlife_spawner_scene")]
transform = Transform3D(-0.03268415, 0, 0.9994657, 0, 1, 0, -0.9994657, 0, -0.03268415, -8.599701, -12.026465, 71.957794)
animal_scene = ExtResource("fish_pike")
max_alive = 1
respawn_seconds = 40.0
spawn_radius = 2.5

[node name="PerchSpawner" parent="Wildlife" unique_id=1973830982 instance=ExtResource("wildlife_spawner_scene")]
transform = Transform3D(0.31404215, 0, 0.94940907, 0, 1, 0, -0.94940907, 0, 0.31404215, -8.817871, -12.025017, 76.40753)
animal_scene = ExtResource("fish_perch")
max_alive = 1
respawn_seconds = 34.0
spawn_radius = 2.5

[node name="LargemouthSpawner" parent="Wildlife" unique_id=752096755 instance=ExtResource("wildlife_spawner_scene")]
transform = Transform3D(-0.16640738, 0, 0.9860571, 0, 1, 0, -0.9860571, 0, -0.16640738, -12.761581, -11.979285, 74.70834)
animal_scene = ExtResource("fish_largemouth")
max_alive = 1
respawn_seconds = 38.0
spawn_radius = 2.5

[node name="DrumSpawner" parent="Wildlife" unique_id=225244326 instance=ExtResource("wildlife_spawner_scene")]
transform = Transform3D(0.64187795, 0, 0.7668068, 0, 1, 0, -0.7668068, 0, 0.64187795, -19.67688, -11.906333, 76.155396)
animal_scene = ExtResource("fish_drum")
max_alive = 1
respawn_seconds = 36.0
spawn_radius = 2.5

[node name="CatfishSpawner" parent="Wildlife" unique_id=196509125 instance=ExtResource("wildlife_spawner_scene")]
transform = Transform3D(0.23203656, 0, 0.9727071, 0, 1, 0, -0.9727071, 0, 0.23203656, -16.820633, -11.578365, 73.618195)
animal_scene = ExtResource("fish_catfish")
max_alive = 1
respawn_seconds = 42.0
spawn_radius = 2.5

[node name="CarpSpawner" parent="Wildlife" unique_id=129961401 instance=ExtResource("wildlife_spawner_scene")]
transform = Transform3D(0.184243, 0, 0.9828807, 0, 1, 0, -0.9828807, 0, 0.184243, -14.838287, -11.751896, 71.62744)
animal_scene = ExtResource("fish_carp")
max_alive = 1
respawn_seconds = 38.0
spawn_radius = 2.5

[node name="BluegillSpawner" parent="Wildlife" unique_id=1175918509 instance=ExtResource("wildlife_spawner_scene")]
transform = Transform3D(0.06604755, 0, -0.9978165, 0, 1, 0, 0.9978165, 0, 0.06604755, -4.472275, -11.906169, 71.0845)
animal_scene = ExtResource("fish_bluegill")
max_alive = 1
respawn_seconds = 30.0
spawn_radius = 2.5

[node name="Buildings" parent="." unique_id=576262690 instance=ExtResource("10_gypqo")]

[node name="Building_Church_Red" parent="Buildings" unique_id=970642371 instance=ExtResource("33_rwr6f")]
transform = Transform3D(-7.4068747, 0, 6.7185, 0, 10, 0, -6.7185, 0, -7.4068747, 24.38453, 34.724457, 148.02827)

[node name="Props" type="Node3D" parent="." unique_id=1982939143]

[node name="Harvestables" parent="Props" unique_id=1711705175 instance=ExtResource("60_ae4o2")]
transform = Transform3D(1, 0, 0, 0, 1, 0, 0, 0, 1, 0.84695435, 0, -0.5322113)

[node name="ShipWreck" parent="Props" unique_id=702955149 instance=ExtResource("35_8pv40")]
transform = Transform3D(-0.26465613, -2.332257, -0.86054283, 2.248105, -0.59393346, 0.9182943, -1.0611209, -0.6766234, 2.1601405, 247.66739, 11.073442, 402.76605)

[node name="Workbench" parent="Props" unique_id=254282749 instance=ExtResource("54_r30qo")]
transform = Transform3D(-0.6164315, 0, 0.7874086, 0, 1, 0, -0.7874086, 0, -0.6164315, 204.64793, 9.950524, 385.16507)

[node name="Potionstation" parent="Props" unique_id=1352345568 instance=ExtResource("55_4uh62")]
transform = Transform3D(0.7723346, 0, -0.6352159, 0, 1, 0, 0.6352159, 0, 0.7723346, 203.62303, 9.913072, 386.93344)

[node name="Crate" parent="Props" unique_id=305914073 instance=ExtResource("36_3x6k3")]
transform = Transform3D(0.9536802, 0.3008225, -8.940697e-08, -0.28846714, 0.9145112, -0.28364718, -0.08532713, 0.2705088, 0.9589284, 234.36917, 9.292568, 395.41064)

[node name="Tent" parent="Props" unique_id=134589951 instance=ExtResource("37_ad2jt")]
transform = Transform3D(0.745918, 0, -0.6660379, 0, 1, 0, 0.6660379, 0, 0.745918, 221.80356, 10.0974045, 374.50104)

[node name="Campfire" parent="Props" unique_id=541966093 instance=ExtResource("39_mo44a")]
transform = Transform3D(0.7451094, 0.034721408, -0.66603786, -0.010500949, 0.9991309, 0.040338352, 0.66685957, -0.023062464, 0.7448264, 222.18814, 9.760959, 376.1053)

[node name="Skeleton_Minion_Prop" parent="Props" unique_id=53436515 instance=ExtResource("49_t7t3p")]
transform = Transform3D(0.9822047, -0.18733844, -0.013349389, 0.004483967, -0.04766724, 0.9988532, -0.18775994, -0.98113817, -0.045978967, 219.36903, 10.060676, 376.86588)

[node name="Dock" type="Node3D" parent="Props" unique_id=861105486]
transform = Transform3D(-1.4008949, 0, -3.7466643, 0, 4, 0, 3.7466643, 0, -1.4008949, 186.41495, 6.1295204, 397.761)

[node name="Dock_1" parent="Props/Dock" unique_id=117566679 instance=ExtResource("48_t7t3p")]
transform = Transform3D(1, 0, 0, 0, 1, 0, 0, 0, 1, 0, 0, 0)

[node name="Food_Barrel_Fish" parent="Props/Dock" unique_id=1356937088 instance=ExtResource("49_whsid")]
transform = Transform3D(-0.08755593, 0, 0.23416652, 0, 0.25, 0, -0.23416652, 0, -0.08755593, 5.346298, 0.028018951, 0.34126282)

[node name="fishing_rod_base" parent="Props/Dock" unique_id=668500150 instance=ExtResource("50_0jevs")]
transform = Transform3D(-0.24865633, 0.00059337914, 0.02587828, -0.011848375, -0.22482368, -0.10869195, 0.023014218, -0.10933427, 0.22364338, 5.384903, 0.6568346, 0.43275452)

[node name="FishingSpot_Dock" parent="Props/Dock" unique_id=438344528 instance=ExtResource("8_t7t3p")]
transform = Transform3D(1, 0, 0, 0, 1, 0, 0, 0, 1, 10.004303, -2.4488268, -0.19052124)

[node name="FishingWorm_Beach" parent="Props/Dock" unique_id=279647498 instance=ExtResource("8_0jevs")]
transform = Transform3D(0.05485101, -0.17601973, -0.03412734, -0.17900985, -0.055782788, 0, -0.010153166, 0.032582022, -0.18436807, -0.28159332, 0.034079194, 0.27334595)

[node name="FishingWorm_Beach4" parent="Props/Dock" unique_id=312398782 instance=ExtResource("8_0jevs")]
transform = Transform3D(0.05485101, -0.17601973, -0.03412734, -0.17900985, -0.055782788, 0, -0.010153166, 0.032582022, -0.18436807, -0.2577896, 0.034079194, 0.30570984)

[node name="FishingWorm_Beach5" parent="Props/Dock" unique_id=544076249 instance=ExtResource("8_0jevs")]
transform = Transform3D(0.05485101, -0.17601973, -0.03412734, -0.17900985, -0.055782788, 0, -0.010153166, 0.032582022, -0.18436807, -0.22257996, 0.034079194, 0.24142456)

[node name="FishingWorm_Beach6" parent="Props/Dock" unique_id=231014628 instance=ExtResource("8_0jevs")]
transform = Transform3D(0.05485101, -0.17601973, -0.03412734, -0.17900985, -0.055782788, 0, -0.010153166, 0.032582022, -0.18436807, -0.23980713, 0.05213058, 0.24996948)

[node name="FishingWorm_Beach7" parent="Props/Dock" unique_id=781100499 instance=ExtResource("8_0jevs")]
transform = Transform3D(0.05485101, -0.17601973, -0.03412734, -0.17900985, -0.055782788, 0, -0.010153166, 0.032582022, -0.18436807, -0.2554474, 0.05213058, 0.28269958)

[node name="FishingWorm_Beach8" parent="Props/Dock" unique_id=1075357304 instance=ExtResource("8_0jevs")]
transform = Transform3D(0.05485101, -0.17601973, -0.03412734, -0.17900985, -0.055782788, 0, -0.010153166, 0.032582022, -0.18436807, -0.27171326, 0.05213058, 0.25582886)

[node name="FishingWorm_Beach9" parent="Props/Dock" unique_id=625326834 instance=ExtResource("8_0jevs")]
transform = Transform3D(0.05485101, -0.17601973, -0.03412734, -0.17900985, -0.055782788, 0, -0.010153166, 0.032582022, -0.18436807, -0.25267792, 0.070044875, 0.26289368)

[node name="FishingWorm_Beach2" parent="Props/Dock" unique_id=1480452209 instance=ExtResource("8_0jevs")]
transform = Transform3D(0.05485101, -0.17601973, -0.03412734, -0.17900985, -0.055782788, 0, -0.010153166, 0.032582022, -0.18436807, -0.2374115, 0.034079194, 0.27627563)

[node name="FishingWorm_Beach3" parent="Props/Dock" unique_id=1624814002 instance=ExtResource("8_0jevs")]
transform = Transform3D(0.05485101, -0.17601973, -0.03412734, -0.17900985, -0.055782788, 0, -0.010153166, 0.032582022, -0.18436807, -0.2629013, 0.034079194, 0.24456787)

[node name="FishingBobber_Beach" parent="Props/Dock" unique_id=1294563240 instance=ExtResource("9_q4s3i")]
transform = Transform3D(-0.049264725, -0.11260707, -0.022751562, -0.11452, 0.050101604, 3.0493617e-09, 0.009119123, 0.020844065, -0.122912034, -0.17032623, 0.037958384, 0.29310608)

[node name="FishingBobber_Beach2" parent="Props/Dock" unique_id=84088332 instance=ExtResource("9_q4s3i")]
transform = Transform3D(-0.089687094, 0.08404518, -0.022751559, 0.08547292, 0.09121063, 3.0493617e-09, 0.01660148, -0.015557158, -0.12291203, -0.21398926, 0.033456564, 0.3491974)

[node name="FishingBobber_Beach3" parent="Props/Dock" unique_id=1127114419 instance=ExtResource("9_q4s3i")]
transform = Transform3D(0.0061115734, -0.005727155, 0.12471912, 0.08547292, 0.09121063, -4.005195e-10, -0.091005646, 0.085280806, 0.008375652, -0.14605713, 0.036143422, 0.35050964)

[node name="FishingHookA_Beach" parent="Props/Dock" unique_id=305329916 instance=ExtResource("10_txrpn")]
transform = Transform3D(0.017846538, 0.12367827, -0.0031922725, 0.0019309394, 0.002946476, 0.12495035, 0.12370438, -0.017888745, -0.0014898462, -0.13772583, 0.02645576, 0.22065735)

[node name="FishingHookA_Beach2" parent="Props/Dock" unique_id=99557070 instance=ExtResource("10_txrpn")]
transform = Transform3D(0.12015194, 0.034371402, -0.0026673041, 0.0019309393, 0.0029464762, 0.12495036, 0.034420606, -0.120145455, 0.0023012469, -0.14987183, 0.03468716, 0.20396423)

[node name="FishingHookA_Beach3" parent="Props/Dock" unique_id=3348975 instance=ExtResource("10_txrpn")]
transform = Transform3D(-0.121254176, -0.030261155, 0.0025874134, 0.0019309395, 0.0029464762, 0.12495036, -0.030310094, 0.121245936, -0.0023907197, -0.11645508, 0.02749741, 0.24745941)

[node name="FishingHookA_Beach4" parent="Props/Dock" unique_id=912269116 instance=ExtResource("10_txrpn")]
transform = Transform3D(-0.12106843, -0.030453749, 0.006324506, 0.010418145, -0.015755786, 0.12356462, -0.029306889, 0.120205335, 0.017798407, -0.18962097, 0.02749741, 0.24999237)

[node name="FishingHookB_Beach" parent="Props/Dock" unique_id=1721631478 instance=ExtResource("11_n5r66")]
transform = Transform3D(0.018772367, 0.12352165, 0.0038741366, 0.019107213, 0.0009704694, -0.12352723, -0.1220963, 0.019143384, -0.018735487, -0.1409607, 0.033173203, 0.174469)

[node name="Anvil" parent="Props" unique_id=985244922 instance=ExtResource("12_rwr6f")]
transform = Transform3D(-0.71151114, 0, -0.7026748, 0, 0.9999999, 0, 0.7026748, 0, -0.71151114, 204.08017, 10.097637, 383.38385)

[node name="Grindstone" parent="Props" unique_id=1000736053 instance=ExtResource("42_ad2jt")]
transform = Transform3D(-0.666077, 0.043520857, 0.7446122, 0, 0.99829626, -0.0583481, -0.7458829, -0.03886433, -0.6649422, 200.26753, 10.183204, 382.76343)

[node name="Smelter" parent="Props" unique_id=2028400591 instance=ExtResource("17_gja2q")]
transform = Transform3D(-1.4309607, 0, 0.44983518, 0, 1.5, 0, -0.44983518, 0, -1.4309607, 202.11319, 9.991051, 384.25137)
