[gd_scene format=3 uid="uid://d0akejah1t7y6"]

[ext_resource type="PackedScene" uid="uid://i20it4m1p2vu" path="res://world/pickups/hatchet_basic_pickup.tscn" id="1_cg2df"]
[ext_resource type="PackedScene" uid="uid://mjq201k51687" path="res://world/pickups/tool_torch_pickup.tscn" id="2_n7oyl"]
[ext_resource type="PackedScene" uid="uid://dsbck7u367kfk" path="res://world/pickups/tool_torch_burnt_pickup.tscn" id="3_sp67u"]
[ext_resource type="PackedScene" uid="uid://dpbhu47xdy13l" path="res://entities/building_parts/tinderbox.tscn" id="4_shvp0"]

[node name="TutorialIsleGear" type="Node3D" unique_id=1634643593]

[node name="Hatchet_Basic" parent="." unique_id=1017366543 instance=ExtResource("1_cg2df")]
transform = Transform3D(-0.15782088, -0.5123048, -0.8441786, 0.794588, 0.4416802, -0.4165914, 0.5862787, -0.7365206, 0.33736467, 218.67253, 11.458391, 376.66547)

[node name="Torch" parent="." unique_id=1070452488 instance=ExtResource("2_n7oyl")]
transform = Transform3D(-0.07033638, -0.21421123, -0.9742516, 0.9956169, 0.04527901, -0.08183446, 0.06164305, -0.97573745, 0.21008772, 223.05359, 9.893401, 376.53235)

[node name="Torch_Burnt" parent="." unique_id=57112096 instance=ExtResource("3_sp67u")]
transform = Transform3D(0.020789335, -0.587465, -0.8089828, -0.99931085, -0.037103962, 0.0012636464, -0.03075881, 0.8083986, -0.58783114, 219.10597, 10.023055, 377.45813)

[node name="Tinderbox" parent="." unique_id=635671946 instance=ExtResource("4_shvp0")]
transform = Transform3D(1, 0, 0, 0, 1, 0, 0, 0, 1, 217.61766, 10.025494, 376.90564)
