[gd_scene format=3 uid="uid://d0akejah1t7y6"]

[ext_resource type="PackedScene" uid="uid://i20it4m1p2vu" path="res://world/pickups/hatchet_basic_pickup.tscn" id="1_tv8y1"]
[ext_resource type="PackedScene" uid="uid://mjq201k51687" path="res://world/pickups/tool_torch_pickup.tscn" id="2_1tm6k"]
[ext_resource type="PackedScene" uid="uid://dsbck7u367kfk" path="res://world/pickups/tool_torch_burnt_pickup.tscn" id="3_dypwk"]
[ext_resource type="PackedScene" uid="uid://dpbhu47xdy13l" path="res://entities/building_parts/tinderbox.tscn" id="4_7sten"]
[ext_resource type="PackedScene" uid="uid://7yt3hmua68xq" path="res://world/pickups/sword_1h_bronze_pickup.tscn" id="5_isoyw"]
[ext_resource type="PackedScene" uid="uid://cwiegunolb0ge" path="res://world/pickups/backpack_small_pickup.tscn" id="6_tv8y1"]
[ext_resource type="PackedScene" uid="uid://dldr3xs7qshyd" path="res://world/pickups/fishing_pole_pickup.tscn" id="7_1tm6k"]
[ext_resource type="PackedScene" uid="uid://bnhs4jcmi56b1" path="res://world/pickups/fishing_tacklebox_pickup.tscn" id="8_dypwk"]

[node name="JorvikGear" type="Node3D" unique_id=885021683]

[node name="Hatchet_Basic" parent="." unique_id=1017366543 instance=ExtResource("1_tv8y1")]
transform = Transform3D(0.5112931, 0.21609072, -0.83179563, 0.85927904, -0.14519371, 0.4904675, -0.014785961, -0.9655173, -0.2599196, 218.96451, 11.747576, 376.5464)

[node name="Torch" parent="." unique_id=1070452488 instance=ExtResource("2_1tm6k")]
transform = Transform3D(-0.07033638, -0.21421123, -0.9742516, 0.9956169, 0.04527901, -0.08183446, 0.06164305, -0.97573745, 0.21008772, 223.05359, 9.893401, 376.53235)

[node name="Torch_Burnt" parent="." unique_id=57112096 instance=ExtResource("3_dypwk")]
transform = Transform3D(0.020789335, -0.587465, -0.8089828, -0.9978473, 0.038150184, -0.053346593, 0.06220211, 0.8083499, -0.5854069, 223.9056, 9.805346, 375.3152)

[node name="Tinderbox" parent="." unique_id=635671946 instance=ExtResource("4_7sten")]
transform = Transform3D(0.6109607, 0, -0.7916609, 0, 1, 0, 0.7916609, 0, 0.6109607, 218.07492, 10.047683, 378.1812)

[node name="Sword1hBronzePickup" parent="." unique_id=1711562902 instance=ExtResource("5_isoyw")]
transform = Transform3D(0.9684873, 0.04901939, -0.2441908, 0.009858964, -0.9872174, -0.1590744, -0.24886714, 0.15165415, -0.956591, 221.07385, 10.976781, 376.39825)

[node name="BackpackSmallPickup" parent="." unique_id=788126623 instance=ExtResource("6_tv8y1")]
transform = Transform3D(-0.99487585, -0.017297983, 0.099613026, -0.03789769, 0.9772232, -0.20880309, -0.09373229, -0.21150817, -0.97287136, 221.7165, 10.075845, 376.58936)

[node name="FishingPolePickup" parent="." unique_id=641886715 instance=ExtResource("7_1tm6k")]
transform = Transform3D(0.33812907, -0.05896103, -0.93925107, -0.04635819, 0.9957802, -0.07919848, 0.93995696, 0.07032134, 0.33396888, 184.4374, 6.093204, 396.33813)

[node name="FishingTackleboxPickup" parent="." unique_id=228324192 instance=ExtResource("8_dypwk")]
transform = Transform3D(0.8005014, 0, 0.599331, 0, 1, 0, -0.599331, 0, 0.8005014, 184.66293, 6.2117605, 397.3042)
