[gd_scene format=3 uid="uid://bo7qoslxeh56"]

[ext_resource type="PackedScene" uid="uid://gd7iq0e8543w" path="res://entities/resource/resource_pickup_ingot_tin.tscn" id="2_t23xw"]
[ext_resource type="PackedScene" uid="uid://bcaukdul404il" path="res://entities/resource/resource_pickup_ore_tin.tscn" id="4_22gnp"]
[ext_resource type="PackedScene" uid="uid://d1irxsv7w24c7" path="res://entities/resource/stone_brick.tscn" id="11_22gnp"]
[ext_resource type="PackedScene" uid="uid://bemiqtwiyc6tq" path="res://entities/resource/resource_pickup_ingot_gold.tscn" id="11_t23xw"]
[ext_resource type="PackedScene" uid="uid://cf5otocednxr4" path="res://entities/resource/stone_chunks_large.tscn" id="12_6s5yq"]
[ext_resource type="PackedScene" uid="uid://dx26chob7rb8l" path="res://entities/resource/resource_pickup_ore_gold.tscn" id="12_22gnp"]
[ext_resource type="PackedScene" uid="uid://chf431uk5oshi" path="res://entities/resource/stone_chunks_small.tscn" id="13_dfujl"]
[ext_resource type="PackedScene" uid="uid://blv2c22bxqknw" path="res://entities/resource/log_split_2.tscn" id="14_jevgs"]
[ext_resource type="PackedScene" uid="uid://b4t0wuc153jha" path="res://entities/building_parts/wood_log_stack.tscn" id="15_g4y73"]
[ext_resource type="PackedScene" uid="uid://d2cl2nb7ih1bb" path="res://entities/resource/wood_plank_c_2.tscn" id="16_f5eud"]
[ext_resource type="PackedScene" uid="uid://di75elg6mtu2o" path="res://entities/resource/wood_plank_b_2.tscn" id="17_mioeo"]
[ext_resource type="PackedScene" uid="uid://ccrs4gkpawowf" path="res://entities/resource/wood_plank_a_2.tscn" id="18_vmees"]
[ext_resource type="PackedScene" uid="uid://d3l1kgkvcwj63" path="res://entities/building_parts/pallet_wood_large.tscn" id="19_scb4g"]
[ext_resource type="PackedScene" uid="uid://boircg2knd0uu" path="res://entities/building_parts/pallet_wood_medium.tscn" id="20_1chm4"]
[ext_resource type="PackedScene" uid="uid://cf750db6v0jph" path="res://entities/props/static/copper_bar.tscn" id="20_3vu1e"]
[ext_resource type="PackedScene" uid="uid://bwi448cwlxph2" path="res://entities/building_parts/pallet_wood_small.tscn" id="21_qm65i"]
[ext_resource type="PackedScene" uid="uid://dswpukycc0q5a" path="res://entities/building_parts/pallet_stone_medium.tscn" id="22_f5eud"]
[ext_resource type="PackedScene" uid="uid://b31arwal73ifg" path="res://entities/props/static/copper_nuggets.tscn" id="23_fq2qr"]
[ext_resource type="PackedScene" uid="uid://px5gx4qbe4kb" path="res://entities/building_parts/pallet_stone_small.tscn" id="23_mioeo"]
[ext_resource type="PackedScene" uid="uid://dt0tl1qu11fy4" path="res://entities/building_parts/pallet_stone_large.tscn" id="24_vmees"]
[ext_resource type="PackedScene" uid="uid://ccqrd3tma4c13" path="res://entities/props/static/iron_bar.tscn" id="27_rx877"]
[ext_resource type="PackedScene" uid="uid://bs8ahdtsyglpe" path="res://entities/props/static/iron_nuggets.tscn" id="28_my7f7"]
[ext_resource type="PackedScene" uid="uid://8ul7x4sta6rf" path="res://entities/props/static/silver_bar.tscn" id="29_ts002"]
[ext_resource type="PackedScene" uid="uid://ddlobyuq0883t" path="res://entities/props/static/silver_nuggets.tscn" id="30_dr1td"]

[node name="JorvikMaterials" type="Node3D" unique_id=152166006]

[node name="Copper_Ingot" parent="." unique_id=940789391 instance=ExtResource("20_3vu1e")]
transform = Transform3D(0.72662264, 0, -0.68703675, 0, 1, 0, 0.68703675, 0, 0.72662264, 201.73857, 10.551444, 375.62234)

[node name="Tin_Ingot" parent="." unique_id=2091598857 instance=ExtResource("2_t23xw")]
transform = Transform3D(0.7266226, 0, -0.6870367, 0, 1, 0, 0.6870367, 0, 0.7266226, 204.07799, 10.453113, 373.96704)

[node name="Copper_Ore" parent="." unique_id=1352546698 instance=ExtResource("23_fq2qr")]
transform = Transform3D(0.8267415, 0.08816414, 0.5556311, -0.0731739, 0.99610597, -0.049178243, -0.55780315, 0, 0.8299735, 199.64758, 10.886052, 375.0992)

[node name="Tin_Ore" parent="." unique_id=1571568342 instance=ExtResource("4_22gnp")]
transform = Transform3D(0.82674146, 0.08816415, 0.5556311, -0.0731739, 0.99610597, -0.049178243, -0.5578031, -3.7252903e-09, 0.8299735, 201.96109, 10.774248, 373.36627)

[node name="Iron_Ingot" parent="." unique_id=778829037 instance=ExtResource("27_rx877")]
transform = Transform3D(0.7232564, 0, -0.6905795, 0, 1, 0, 0.6905795, 0, 0.7232564, 199.87468, 10.5083685, 377.51666)

[node name="Iron_Ore" parent="." unique_id=1402091565 instance=ExtResource("28_my7f7")]
transform = Transform3D(0.8174969, 0, 0.5759332, 0, 1, 0, -0.5759332, 0, 0.8174969, 199.14311, 10.611365, 376.91153)

[node name="Silver_Ingot" parent="." unique_id=1703529473 instance=ExtResource("29_ts002")]
transform = Transform3D(0.7232564, 0, -0.6905795, 0, 1, 0, 0.6905795, 0, 0.7232564, 197.70198, 10.440975, 379.5944)

[node name="Silver_Ore" parent="." unique_id=1156454490 instance=ExtResource("30_dr1td")]
transform = Transform3D(0.8174969, 0, 0.5759332, 0, 1, 0, -0.5759332, 0, 0.8174969, 196.90857, 10.555809, 379.0154)

[node name="Gold_Ingot" parent="." unique_id=871071412 instance=ExtResource("11_t23xw")]
transform = Transform3D(0.7232564, 0, -0.6905795, 0, 1, 0, 0.6905795, 0, 0.7232564, 195.7233, 10.349287, 382.2438)

[node name="Gold_Nuggets" parent="." unique_id=727147956 instance=ExtResource("12_22gnp")]
transform = Transform3D(0.812928, 0, 0.5823644, 0, 1, 0, -0.5823644, 0, 0.812928, 194.93494, 10.464121, 381.66483)

[node name="Stone_Brick" parent="." unique_id=1308947424 instance=ExtResource("11_22gnp")]
transform = Transform3D(0.61279875, 0.06702108, -0.78739184, -0.04575255, 0.99773455, 0.04931745, 0.7889134, 0.0058035157, 0.6144769, 214.8533, 9.925252, 366.52216)

[node name="Stone_Chunks_Large" parent="." unique_id=1869045021 instance=ExtResource("12_6s5yq")]
transform = Transform3D(-0.9846845, -0.06700142, -0.16095664, -0.06793628, 0.9976896, 0.00030565535, 0.16056429, 0.011235771, -0.9869614, 209.56691, 9.908934, 367.32327)

[node name="Stone_Chunks_Small" parent="." unique_id=687906080 instance=ExtResource("13_dfujl")]
transform = Transform3D(-0.96760637, 0.20274651, -0.15043856, 0.14171642, 0.9293342, 0.34096062, 0.2089363, 0.30859604, -0.92796236, 208.47716, 10.267285, 368.62518)

[node name="Log_Split" parent="." unique_id=13394712 instance=ExtResource("14_jevgs")]
transform = Transform3D(0.19719581, -0.03204532, 0.9798403, 0.4443645, -0.887978, -0.11847076, 0.8738731, 0.4587682, -0.16086596, 214.07297, 10.561078, 372.45102)

[node name="Wood_Log_Stack" parent="." unique_id=555006619 instance=ExtResource("15_g4y73")]
transform = Transform3D(0.99988186, 0, 0.015358418, 0, 1, 0, -0.015358418, 0, 0.99988186, 214.22702, 9.899187, 371.34952)

[node name="Wood_Plank_C2" parent="." unique_id=2126650943 instance=ExtResource("16_f5eud")]
transform = Transform3D(0.5765307, 0.00011655316, -0.8170756, -0.02801322, 0.99941486, -0.01962363, 0.81659544, 0.034202535, 0.5761965, 217.54256, 9.930662, 374.88004)

[node name="Wood_Plank_B2" parent="." unique_id=6900788 instance=ExtResource("17_mioeo")]
transform = Transform3D(0.103681244, 0.0005396399, -0.9946105, -0.040732276, 0.99916315, -0.0037039453, 0.99377644, 0.040896762, 0.103616446, 216.86575, 9.984038, 374.3637)

[node name="Wood_Plank_A2" parent="." unique_id=1902227385 instance=ExtResource("18_vmees")]
transform = Transform3D(-0.5240321, 0.00011650285, -0.8516987, -0.046592224, 0.99849856, 0.028803796, 0.8504233, 0.054776624, -0.52324, 217.19289, 10.091052, 374.65985)

[node name="Pallet_Wood_Large" parent="." unique_id=1578122623 instance=ExtResource("19_scb4g")]
transform = Transform3D(-0.17687848, 3.4924597e-10, -0.9842328, -0.006888362, 0.9999755, 0.0012379221, 0.9842086, 0.006998713, -0.17687418, 217.83073, 9.85233, 369.41754)

[node name="Pallet_Wood_Medium" parent="." unique_id=504253046 instance=ExtResource("20_1chm4")]
transform = Transform3D(-0.17687848, 3.4924597e-10, -0.9842328, -0.006888362, 0.9999755, 0.0012379221, 0.9842086, 0.006998713, -0.17687418, 217.5204, 9.839733, 371.2174)

[node name="Pallet_Wood_Small" parent="." unique_id=1159929944 instance=ExtResource("21_qm65i")]
transform = Transform3D(-0.17687848, 3.4924597e-10, -0.9842328, -0.006888362, 0.9999755, 0.0012379221, 0.9842086, 0.006998713, -0.17687418, 217.20268, 9.827723, 373.04526)

[node name="Pallet_Stone_Medium" parent="." unique_id=800124436 instance=ExtResource("22_f5eud")]
transform = Transform3D(0.6098686, -3.7252903e-09, -0.7925026, -0.044542506, 0.9984193, -0.034277588, 0.7912498, 0.056204878, 0.60890454, 212.98433, 9.991792, 364.21887)

[node name="Pallet_Stone_Small" parent="." unique_id=198842677 instance=ExtResource("23_mioeo")]
transform = Transform3D(0.6098686, -3.7252903e-09, -0.7925026, -0.044542506, 0.9984193, -0.034277588, 0.7912498, 0.056204878, 0.60890454, 214.04796, 9.916088, 365.5637)

[node name="Pallet_Stone_Large" parent="." unique_id=1950926652 instance=ExtResource("24_vmees")]
transform = Transform3D(0.6145496, -0.0030938888, -0.7888723, -0.039495263, 0.9986176, -0.034684204, 0.78788906, 0.052471865, 0.61357784, 211.91057, 10.068921, 362.84875)
