[gd_scene format=3 uid="uid://bat2p6ta1rwj1"]

[ext_resource type="PackedScene" uid="uid://dlu8vg27pwe28" path="res://entities/building_parts/ship_wreck.tscn" id="1_qyxei"]
[ext_resource type="PackedScene" uid="uid://dk5db657of85g" path="res://entities/building_parts/workbench.tscn" id="2_nxx7y"]
[ext_resource type="PackedScene" uid="uid://cqx0r21m71s3h" path="res://entities/building_parts/potionstation.tscn" id="3_fn05i"]
[ext_resource type="PackedScene" uid="uid://d4kre64jiscmn" path="res://entities/building_parts/crate.tscn" id="4_nvq14"]
[ext_resource type="PackedScene" uid="uid://cycycfc61gt0l" path="res://entities/building_parts/tent.tscn" id="5_x6ikq"]
[ext_resource type="PackedScene" uid="uid://fqyxxm8kit2g" path="res://entities/building_parts/campfire.tscn" id="6_owwgp"]
[ext_resource type="PackedScene" uid="uid://benqlw2wabm47" path="res://entities/props/skeleton_minion_prop.tscn" id="7_koq60"]
[ext_resource type="PackedScene" uid="uid://bkhh8n46ed6bn" path="res://world/regions/jorvik/dock_1.tscn" id="8_n3uoq"]
[ext_resource type="PackedScene" uid="uid://baqnb1njfk6hj" path="res://entities/props/food_barrel_fish.tscn" id="9_0mjm3"]
[ext_resource type="PackedScene" uid="uid://b8q2mtemn6kjk" path="res://entities/props/fishing_rod_base.tscn" id="10_wjk57"]
[ext_resource type="PackedScene" uid="uid://5e3s4nid00t8" path="res://entities/fishing/fishing_spot.tscn" id="11_oxgrb"]
[ext_resource type="PackedScene" uid="uid://dbd6etcm4mjt5" path="res://world/pickups/fishing_worm_pickup.tscn" id="12_jy62k"]
[ext_resource type="PackedScene" uid="uid://ctwwhjmlo707u" path="res://world/pickups/fishing_bobber_pickup.tscn" id="13_hmjqj"]
[ext_resource type="PackedScene" uid="uid://bslyivr00xnme" path="res://world/pickups/fishing_hook_a_pickup.tscn" id="14_wqooj"]
[ext_resource type="PackedScene" uid="uid://bsmyivr00xnme" path="res://world/pickups/fishing_hook_b_pickup.tscn" id="15_7tsg1"]
[ext_resource type="PackedScene" uid="uid://b7dacipqpquux" path="res://entities/building_parts/anvil.tscn" id="16_cxfen"]
[ext_resource type="PackedScene" uid="uid://hjsgrguldp45" path="res://entities/building_parts/grindstone.tscn" id="17_i1dw7"]
[ext_resource type="PackedScene" uid="uid://d2bdr601l23of" path="res://entities/building_parts/smelter.tscn" id="18_s7cne"]

[node name="Props" type="Node3D" unique_id=1050995651]

[node name="ShipWreck" parent="." unique_id=702955149 instance=ExtResource("1_qyxei")]
transform = Transform3D(-0.26465613, -2.332257, -0.86054283, 2.248105, -0.59393346, 0.9182943, -1.0611209, -0.6766234, 2.1601405, 247.66739, 11.073442, 402.76605)

[node name="Workbench" parent="." unique_id=254282749 instance=ExtResource("2_nxx7y")]
transform = Transform3D(0.6273923, 0, 0.77870333, 0, 1, 0, -0.77870333, 0, 0.6273923, 199.58836, 19.987328, 149.10912)

[node name="Potionstation" parent="." unique_id=1352345568 instance=ExtResource("3_fn05i")]
transform = Transform3D(0.97245944, 0, 0.23307204, 0, 1, 0, -0.23307204, 0, 0.97245944, 179.65248, 19.978403, 143.46947)

[node name="Crate" parent="." unique_id=635671946 instance=ExtResource("4_nvq14")]
transform = Transform3D(0.9536802, 0.3008225, -8.940697e-08, -0.28846714, 0.9145112, -0.28364718, -0.08532713, 0.2705088, 0.9589284, 234.36917, 9.292568, 395.41064)

[node name="Tent" parent="." unique_id=134589951 instance=ExtResource("5_x6ikq")]
transform = Transform3D(0.745918, 0, -0.6660379, 0, 1, 0, 0.6660379, 0, 0.745918, 221.80356, 10.0974045, 374.50104)

[node name="Campfire" parent="." unique_id=541966093 instance=ExtResource("6_owwgp")]
transform = Transform3D(0.7451094, 0.034721408, -0.66603786, -0.010500949, 0.9991309, 0.040338352, 0.66685957, -0.023062464, 0.7448264, 222.18814, 9.760959, 376.1053)

[node name="Skeleton_Minion_Prop" parent="." unique_id=53436515 instance=ExtResource("7_koq60")]
transform = Transform3D(0.9822047, -0.18733844, -0.013349389, 0.004483967, -0.04766724, 0.9988532, -0.18775994, -0.98113817, -0.045978967, 219.36903, 10.060676, 376.86588)

[node name="Dock" type="Node3D" parent="." unique_id=856715826]
transform = Transform3D(-1.4008949, 0, -3.7466643, 0, 4, 0, 3.7466643, 0, -1.4008949, 186.41495, 6.1295204, 397.761)

[node name="Dock_1" parent="Dock" unique_id=117566679 instance=ExtResource("8_n3uoq")]
transform = Transform3D(1, 0, 0, 0, 1, 0, 0, 0, 1, 0, 0, 0)

[node name="Food_Barrel_Fish" parent="Dock" unique_id=1356937088 instance=ExtResource("9_0mjm3")]
transform = Transform3D(-0.08755593, 0, 0.23416652, 0, 0.25, 0, -0.23416652, 0, -0.08755593, 5.346298, 0.028018951, 0.34126282)

[node name="fishing_rod_base" parent="Dock" unique_id=668500150 instance=ExtResource("10_wjk57")]
transform = Transform3D(-0.24865633, 0.00059337914, 0.02587828, -0.011848375, -0.22482368, -0.10869195, 0.023014218, -0.10933427, 0.22364338, 5.384903, 0.6568346, 0.43275452)

[node name="FishingSpot_Dock" parent="Dock" unique_id=438344528 instance=ExtResource("11_oxgrb")]
transform = Transform3D(1, 0, 0, 0, 1, 0, 0, 0, 1, 10.004303, -2.4488268, -0.19052124)

[node name="FishingWorm_Beach" parent="Dock" unique_id=1211711101 instance=ExtResource("12_jy62k")]
transform = Transform3D(0.05485101, -0.17601973, -0.03412734, -0.17900985, -0.055782788, 0, -0.010153166, 0.032582022, -0.18436807, -0.28159332, 0.034079194, 0.27334595)

[node name="FishingWorm_Beach4" parent="Dock" unique_id=283657162 instance=ExtResource("12_jy62k")]
transform = Transform3D(0.05485101, -0.17601973, -0.03412734, -0.17900985, -0.055782788, 0, -0.010153166, 0.032582022, -0.18436807, -0.2577896, 0.034079194, 0.30570984)

[node name="FishingWorm_Beach5" parent="Dock" unique_id=643319228 instance=ExtResource("12_jy62k")]
transform = Transform3D(0.05485101, -0.17601973, -0.03412734, -0.17900985, -0.055782788, 0, -0.010153166, 0.032582022, -0.18436807, -0.22257996, 0.034079194, 0.24142456)

[node name="FishingWorm_Beach6" parent="Dock" unique_id=919998092 instance=ExtResource("12_jy62k")]
transform = Transform3D(0.05485101, -0.17601973, -0.03412734, -0.17900985, -0.055782788, 0, -0.010153166, 0.032582022, -0.18436807, -0.23980713, 0.05213058, 0.24996948)

[node name="FishingWorm_Beach7" parent="Dock" unique_id=1285230679 instance=ExtResource("12_jy62k")]
transform = Transform3D(0.05485101, -0.17601973, -0.03412734, -0.17900985, -0.055782788, 0, -0.010153166, 0.032582022, -0.18436807, -0.2554474, 0.05213058, 0.28269958)

[node name="FishingWorm_Beach8" parent="Dock" unique_id=1488960082 instance=ExtResource("12_jy62k")]
transform = Transform3D(0.05485101, -0.17601973, -0.03412734, -0.17900985, -0.055782788, 0, -0.010153166, 0.032582022, -0.18436807, -0.27171326, 0.05213058, 0.25582886)

[node name="FishingWorm_Beach9" parent="Dock" unique_id=1599404455 instance=ExtResource("12_jy62k")]
transform = Transform3D(0.05485101, -0.17601973, -0.03412734, -0.17900985, -0.055782788, 0, -0.010153166, 0.032582022, -0.18436807, -0.25267792, 0.070044875, 0.26289368)

[node name="FishingWorm_Beach2" parent="Dock" unique_id=1028511578 instance=ExtResource("12_jy62k")]
transform = Transform3D(0.05485101, -0.17601973, -0.03412734, -0.17900985, -0.055782788, 0, -0.010153166, 0.032582022, -0.18436807, -0.2374115, 0.034079194, 0.27627563)

[node name="FishingWorm_Beach3" parent="Dock" unique_id=390948828 instance=ExtResource("12_jy62k")]
transform = Transform3D(0.05485101, -0.17601973, -0.03412734, -0.17900985, -0.055782788, 0, -0.010153166, 0.032582022, -0.18436807, -0.2629013, 0.034079194, 0.24456787)

[node name="FishingBobber_Beach" parent="Dock" unique_id=714111670 instance=ExtResource("13_hmjqj")]
transform = Transform3D(-0.049264725, -0.11260707, -0.022751562, -0.11452, 0.050101604, 3.0493617e-09, 0.009119123, 0.020844065, -0.122912034, -0.17032623, 0.037958384, 0.29310608)

[node name="FishingBobber_Beach2" parent="Dock" unique_id=2034823809 instance=ExtResource("13_hmjqj")]
transform = Transform3D(-0.089687094, 0.08404518, -0.022751559, 0.08547292, 0.09121063, 3.0493617e-09, 0.01660148, -0.015557158, -0.12291203, -0.21398926, 0.033456564, 0.3491974)

[node name="FishingBobber_Beach3" parent="Dock" unique_id=2139543195 instance=ExtResource("13_hmjqj")]
transform = Transform3D(0.0061115734, -0.005727155, 0.12471912, 0.08547292, 0.09121063, -4.005195e-10, -0.091005646, 0.085280806, 0.008375652, -0.14605713, 0.036143422, 0.35050964)

[node name="FishingHookA_Beach" parent="Dock" unique_id=305329916 instance=ExtResource("14_wqooj")]
transform = Transform3D(0.017846538, 0.12367827, -0.0031922725, 0.0019309394, 0.002946476, 0.12495035, 0.12370438, -0.017888745, -0.0014898462, -0.13772583, 0.02645576, 0.22065735)

[node name="FishingHookA_Beach2" parent="Dock" unique_id=469012724 instance=ExtResource("14_wqooj")]
transform = Transform3D(0.12015194, 0.034371402, -0.0026673041, 0.0019309393, 0.0029464762, 0.12495036, 0.034420606, -0.120145455, 0.0023012469, -0.14987183, 0.03468716, 0.20396423)

[node name="FishingHookA_Beach3" parent="Dock" unique_id=1140188385 instance=ExtResource("14_wqooj")]
transform = Transform3D(-0.121254176, -0.030261155, 0.0025874134, 0.0019309395, 0.0029464762, 0.12495036, -0.030310094, 0.121245936, -0.0023907197, -0.11645508, 0.02749741, 0.24745941)

[node name="FishingHookA_Beach4" parent="Dock" unique_id=146065173 instance=ExtResource("14_wqooj")]
transform = Transform3D(-0.12106843, -0.030453749, 0.006324506, 0.010418145, -0.015755786, 0.12356462, -0.029306889, 0.120205335, 0.017798407, -0.18962097, 0.02749741, 0.24999237)

[node name="FishingHookB_Beach" parent="Dock" unique_id=1331230168 instance=ExtResource("15_7tsg1")]
transform = Transform3D(0.018772367, 0.12352165, 0.0038741366, 0.019107213, 0.0009704694, -0.12352723, -0.1220963, 0.019143384, -0.018735487, -0.1409607, 0.033173203, 0.174469)

[node name="Anvil" parent="." unique_id=985244922 instance=ExtResource("16_cxfen")]
transform = Transform3D(-0.63882154, 0, 0.76935494, 0, 0.9999999, 0, -0.76935494, 0, -0.63882154, 196.44185, 20.001608, 151.02925)

[node name="Grindstone" parent="." unique_id=1000736053 instance=ExtResource("17_i1dw7")]
transform = Transform3D(0.29000074, -0.05584068, -0.9553958, 0, 0.9982963, -0.058348104, 0.95702624, 0.016920991, 0.2895066, 190.78146, 19.962036, 148.00763)

[node name="Smelter" parent="." unique_id=2028400591 instance=ExtResource("18_s7cne")]
transform = Transform3D(-0.73728764, 0, -1.8591415, 0, 2, 0, 1.8591415, 0, -0.73728764, 200.99422, 19.924723, 161.84268)
